ensemble,cycle,reference_datetime,datetime,site_id,model_id,parameter,variable,horizon,prediction
gec00,00,2023-09-09,2023-09-09,gcrew,noaa_gefs,00,AirTemp_C_mean,0,24.57565133231029
gec00,00,2023-09-09,2023-09-09,gcrew,noaa_gefs,00,RH_percent_mean,0,81.28700474330357
gec00,00,2023-09-09,2023-09-09,gcrew,noaa_gefs,00,Rain_mm_sum,0,9.989999949932098
gec00,00,2023-09-09,2023-09-09,gcrew,noaa_gefs,00,ShortwaveRadiation_Wm2,0,208.42857142857142
gec00,00,2023-09-09,2023-09-09,gcrew,noaa_gefs,00,WindSpeed_ms_mean,0,2.244640159790602
gec00,00,2023-09-09,2023-09-10,gcrew,noaa_gefs,00,AirTemp_C_mean,1,23.364217376709007
gec00,00,2023-09-09,2023-09-10,gcrew,noaa_gefs,00,RH_percent_mean,1,79.58796691894531
gec00,00,2023-09-09,2023-09-10,gcrew,noaa_gefs,00,Rain_mm_sum,1,2.1700000278651714
gec00,00,2023-09-09,2023-09-10,gcrew,noaa_gefs,00,ShortwaveRadiation_Wm2,1,106
gec00,00,2023-09-09,2023-09-10,gcrew,noaa_gefs,00,WindSpeed_ms_mean,1,2.0001020501904465
gec00,00,2023-09-09,2023-09-11,gcrew,noaa_gefs,00,AirTemp_C_mean,2,23.99094161987307
gec00,00,2023-09-09,2023-09-11,gcrew,noaa_gefs,00,RH_percent_mean,2,76.6868748664856
gec00,00,2023-09-09,2023-09-11,gcrew,noaa_gefs,00,Rain_mm_sum,2,14.520000278949738
gec00,00,2023-09-09,2023-09-11,gcrew,noaa_gefs,00,ShortwaveRadiation_Wm2,2,236.125
gec00,00,2023-09-09,2023-09-11,gcrew,noaa_gefs,00,WindSpeed_ms_mean,2,1.2761169694246208
gec00,00,2023-09-09,2023-09-12,gcrew,noaa_gefs,00,AirTemp_C_mean,3,24.883412933349632
gec00,00,2023-09-09,2023-09-12,gcrew,noaa_gefs,00,RH_percent_mean,3,71.71621131896973
gec00,00,2023-09-09,2023-09-12,gcrew,noaa_gefs,00,Rain_mm_sum,3,5.510000050067902
gec00,00,2023-09-09,2023-09-12,gcrew,noaa_gefs,00,ShortwaveRadiation_Wm2,3,235.5
gec00,00,2023-09-09,2023-09-12,gcrew,noaa_gefs,00,WindSpeed_ms_mean,3,2.631870711383254
gec00,00,2023-09-09,2023-09-13,gcrew,noaa_gefs,00,AirTemp_C_mean,4,22.81793365478518
gec00,00,2023-09-09,2023-09-13,gcrew,noaa_gefs,00,RH_percent_mean,4,73.45065355300903
gec00,00,2023-09-09,2023-09-13,gcrew,noaa_gefs,00,Rain_mm_sum,4,13.47999992966652
gec00,00,2023-09-09,2023-09-13,gcrew,noaa_gefs,00,ShortwaveRadiation_Wm2,4,134.25
gec00,00,2023-09-09,2023-09-13,gcrew,noaa_gefs,00,WindSpeed_ms_mean,4,3.913124752342366
gec00,00,2023-09-09,2023-09-14,gcrew,noaa_gefs,00,AirTemp_C_mean,5,21.205693817138695
gec00,00,2023-09-09,2023-09-14,gcrew,noaa_gefs,00,RH_percent_mean,5,50.70257902145386
gec00,00,2023-09-09,2023-09-14,gcrew,noaa_gefs,00,Rain_mm_sum,5,0.20000000298023224
gec00,00,2023-09-09,2023-09-14,gcrew,noaa_gefs,00,ShortwaveRadiation_Wm2,5,266.875
gec00,00,2023-09-09,2023-09-14,gcrew,noaa_gefs,00,WindSpeed_ms_mean,5,3.7478175500416757
gec00,00,2023-09-09,2023-09-15,gcrew,noaa_gefs,00,AirTemp_C_mean,6,20.683343505859398
gec00,00,2023-09-09,2023-09-15,gcrew,noaa_gefs,00,RH_percent_mean,6,51.90177011489868
gec00,00,2023-09-09,2023-09-15,gcrew,noaa_gefs,00,Rain_mm_sum,6,0
gec00,00,2023-09-09,2023-09-15,gcrew,noaa_gefs,00,ShortwaveRadiation_Wm2,6,267.125
gec00,00,2023-09-09,2023-09-15,gcrew,noaa_gefs,00,WindSpeed_ms_mean,6,4.967512346372693
gec00,00,2023-09-09,2023-09-16,gcrew,noaa_gefs,00,AirTemp_C_mean,7,21.02536544799807
gec00,00,2023-09-09,2023-09-16,gcrew,noaa_gefs,00,RH_percent_mean,7,53.187461853027344
gec00,00,2023-09-09,2023-09-16,gcrew,noaa_gefs,00,Rain_mm_sum,7,0
gec00,00,2023-09-09,2023-09-16,gcrew,noaa_gefs,00,ShortwaveRadiation_Wm2,7,267.25
gec00,00,2023-09-09,2023-09-16,gcrew,noaa_gefs,00,WindSpeed_ms_mean,7,4.777442492071275
gec00,00,2023-09-09,2023-09-17,gcrew,noaa_gefs,00,AirTemp_C_mean,8,21.546594238281273
gec00,00,2023-09-09,2023-09-17,gcrew,noaa_gefs,00,RH_percent_mean,8,53.33281660079956
gec00,00,2023-09-09,2023-09-17,gcrew,noaa_gefs,00,Rain_mm_sum,8,0
gec00,00,2023-09-09,2023-09-17,gcrew,noaa_gefs,00,ShortwaveRadiation_Wm2,8,259.625
gec00,00,2023-09-09,2023-09-17,gcrew,noaa_gefs,00,WindSpeed_ms_mean,8,1.228218844842356
gec00,00,2023-09-09,2023-09-18,gcrew,noaa_gefs,00,AirTemp_C_mean,9,22.745000457763695
gec00,00,2023-09-09,2023-09-18,gcrew,noaa_gefs,00,RH_percent_mean,9,58.80604076385498
gec00,00,2023-09-09,2023-09-18,gcrew,noaa_gefs,00,Rain_mm_sum,9,0.12000000104308128
gec00,00,2023-09-09,2023-09-18,gcrew,noaa_gefs,00,ShortwaveRadiation_Wm2,9,171.375
gec00,00,2023-09-09,2023-09-18,gcrew,noaa_gefs,00,WindSpeed_ms_mean,9,3.6700750408084533
gec00,00,2023-09-09,2023-09-19,gcrew,noaa_gefs,00,AirTemp_C_mean,10,21.85382232666018
gec00,00,2023-09-09,2023-09-19,gcrew,noaa_gefs,00,RH_percent_mean,10,51.910043716430664
gec00,00,2023-09-09,2023-09-19,gcrew,noaa_gefs,00,Rain_mm_sum,10,0
gec00,00,2023-09-09,2023-09-19,gcrew,noaa_gefs,00,ShortwaveRadiation_Wm2,10,222.75
gec00,00,2023-09-09,2023-09-19,gcrew,noaa_gefs,00,WindSpeed_ms_mean,10,4.17428520665981
gec00,00,2023-09-09,2023-09-20,gcrew,noaa_gefs,00,AirTemp_C_mean,11,20.50086364746096
gec00,00,2023-09-09,2023-09-20,gcrew,noaa_gefs,00,RH_percent_mean,11,56.514787673950195
gec00,00,2023-09-09,2023-09-20,gcrew,noaa_gefs,00,Rain_mm_sum,11,0
gec00,00,2023-09-09,2023-09-20,gcrew,noaa_gefs,00,ShortwaveRadiation_Wm2,11,223.75
gec00,00,2023-09-09,2023-09-20,gcrew,noaa_gefs,00,WindSpeed_ms_mean,11,3.8783071905583006
gec00,00,2023-09-09,2023-09-21,gcrew,noaa_gefs,00,AirTemp_C_mean,12,21.212396240234398
gec00,00,2023-09-09,2023-09-21,gcrew,noaa_gefs,00,RH_percent_mean,12,57.83141326904297
gec00,00,2023-09-09,2023-09-21,gcrew,noaa_gefs,00,Rain_mm_sum,12,0
gec00,00,2023-09-09,2023-09-21,gcrew,noaa_gefs,00,ShortwaveRadiation_Wm2,12,217.75
gec00,00,2023-09-09,2023-09-21,gcrew,noaa_gefs,00,WindSpeed_ms_mean,12,3.3514963749039914
gec00,00,2023-09-09,2023-09-22,gcrew,noaa_gefs,00,AirTemp_C_mean,13,23.03926239013674
gec00,00,2023-09-09,2023-09-22,gcrew,noaa_gefs,00,RH_percent_mean,13,61.35855007171631
gec00,00,2023-09-09,2023-09-22,gcrew,noaa_gefs,00,Rain_mm_sum,13,0
gec00,00,2023-09-09,2023-09-22,gcrew,noaa_gefs,00,ShortwaveRadiation_Wm2,13,219.75
gec00,00,2023-09-09,2023-09-22,gcrew,noaa_gefs,00,WindSpeed_ms_mean,13,1.8093905060696394
gec00,00,2023-09-09,2023-09-23,gcrew,noaa_gefs,00,AirTemp_C_mean,14,22.375588989257835
gec00,00,2023-09-09,2023-09-23,gcrew,noaa_gefs,00,RH_percent_mean,14,63.70778179168701
gec00,00,2023-09-09,2023-09-23,gcrew,noaa_gefs,00,Rain_mm_sum,14,0
gec00,00,2023-09-09,2023-09-23,gcrew,noaa_gefs,00,ShortwaveRadiation_Wm2,14,232
gec00,00,2023-09-09,2023-09-23,gcrew,noaa_gefs,00,WindSpeed_ms_mean,14,4.553198777918426
gec00,00,2023-09-09,2023-09-24,gcrew,noaa_gefs,00,AirTemp_C_mean,15,21.508035278320335
gec00,00,2023-09-09,2023-09-24,gcrew,noaa_gefs,00,RH_percent_mean,15,75.4688196182251
gec00,00,2023-09-09,2023-09-24,gcrew,noaa_gefs,00,Rain_mm_sum,15,0.20000000298023224
gec00,00,2023-09-09,2023-09-24,gcrew,noaa_gefs,00,ShortwaveRadiation_Wm2,15,161
gec00,00,2023-09-09,2023-09-24,gcrew,noaa_gefs,00,WindSpeed_ms_mean,15,5.2646868981549435
gec00,00,2023-09-09,2023-09-25,gcrew,noaa_gefs,00,AirTemp_C_mean,16,22.39338836669924
gec00,00,2023-09-09,2023-09-25,gcrew,noaa_gefs,00,RH_percent_mean,16,80.72414588928223
gec00,00,2023-09-09,2023-09-25,gcrew,noaa_gefs,00,Rain_mm_sum,16,0.700000025331974
gec00,00,2023-09-09,2023-09-25,gcrew,noaa_gefs,00,ShortwaveRadiation_Wm2,16,134.25
gec00,00,2023-09-09,2023-09-25,gcrew,noaa_gefs,00,WindSpeed_ms_mean,16,3.9959241047420417
gec00,00,2023-09-09,2023-09-26,gcrew,noaa_gefs,00,AirTemp_C_mean,17,21.122277832031273
gec00,00,2023-09-09,2023-09-26,gcrew,noaa_gefs,00,RH_percent_mean,17,91.78124618530273
gec00,00,2023-09-09,2023-09-26,gcrew,noaa_gefs,00,Rain_mm_sum,17,17.700000673532486
gec00,00,2023-09-09,2023-09-26,gcrew,noaa_gefs,00,ShortwaveRadiation_Wm2,17,71.75
gec00,00,2023-09-09,2023-09-26,gcrew,noaa_gefs,00,WindSpeed_ms_mean,17,4.524560070543811
gec00,00,2023-09-09,2023-09-27,gcrew,noaa_gefs,00,AirTemp_C_mean,18,21.53302917480471
gec00,00,2023-09-09,2023-09-27,gcrew,noaa_gefs,00,RH_percent_mean,18,94.12124061584473
gec00,00,2023-09-09,2023-09-27,gcrew,noaa_gefs,00,Rain_mm_sum,18,26.30000001192093
gec00,00,2023-09-09,2023-09-27,gcrew,noaa_gefs,00,ShortwaveRadiation_Wm2,18,45
gec00,00,2023-09-09,2023-09-27,gcrew,noaa_gefs,00,WindSpeed_ms_mean,18,3.4376454204120614
gec00,00,2023-09-09,2023-09-28,gcrew,noaa_gefs,00,AirTemp_C_mean,19,21.010675048828148
gec00,00,2023-09-09,2023-09-28,gcrew,noaa_gefs,00,RH_percent_mean,19,92.565582275390625
gec00,00,2023-09-09,2023-09-28,gcrew,noaa_gefs,00,Rain_mm_sum,19,16.90000021457672
gec00,00,2023-09-09,2023-09-28,gcrew,noaa_gefs,00,ShortwaveRadiation_Wm2,19,77
gec00,00,2023-09-09,2023-09-28,gcrew,noaa_gefs,00,WindSpeed_ms_mean,19,4.072877205063392
gec00,00,2023-09-09,2023-09-29,gcrew,noaa_gefs,00,AirTemp_C_mean,20,15.901658630371116
gec00,00,2023-09-09,2023-09-29,gcrew,noaa_gefs,00,RH_percent_mean,20,89.57869911193848
gec00,00,2023-09-09,2023-09-29,gcrew,noaa_gefs,00,Rain_mm_sum,20,13.20000046491623
gec00,00,2023-09-09,2023-09-29,gcrew,noaa_gefs,00,ShortwaveRadiation_Wm2,20,10
gec00,00,2023-09-09,2023-09-29,gcrew,noaa_gefs,00,WindSpeed_ms_mean,20,10.247166260311577
gec00,00,2023-09-09,2023-09-30,gcrew,noaa_gefs,00,AirTemp_C_mean,21,16.05395660400393
gec00,00,2023-09-09,2023-09-30,gcrew,noaa_gefs,00,RH_percent_mean,21,83.6533432006836
gec00,00,2023-09-09,2023-09-30,gcrew,noaa_gefs,00,Rain_mm_sum,21,2.200000062584877
gec00,00,2023-09-09,2023-09-30,gcrew,noaa_gefs,00,ShortwaveRadiation_Wm2,21,40.75
gec00,00,2023-09-09,2023-09-30,gcrew,noaa_gefs,00,WindSpeed_ms_mean,21,6.540632340833415
gec00,00,2023-09-09,2023-10-01,gcrew,noaa_gefs,00,AirTemp_C_mean,22,16.407647705078148
gec00,00,2023-09-09,2023-10-01,gcrew,noaa_gefs,00,RH_percent_mean,22,57.9601993560791
gec00,00,2023-09-09,2023-10-01,gcrew,noaa_gefs,00,Rain_mm_sum,22,0
gec00,00,2023-09-09,2023-10-01,gcrew,noaa_gefs,00,ShortwaveRadiation_Wm2,22,211.75
gec00,00,2023-09-09,2023-10-01,gcrew,noaa_gefs,00,WindSpeed_ms_mean,22,5.751839360697048
gec00,00,2023-09-09,2023-10-02,gcrew,noaa_gefs,00,AirTemp_C_mean,23,14.778672790527366
gec00,00,2023-09-09,2023-10-02,gcrew,noaa_gefs,00,RH_percent_mean,23,52.730899810791016
gec00,00,2023-09-09,2023-10-02,gcrew,noaa_gefs,00,Rain_mm_sum,23,0
gec00,00,2023-09-09,2023-10-02,gcrew,noaa_gefs,00,ShortwaveRadiation_Wm2,23,213
gec00,00,2023-09-09,2023-10-02,gcrew,noaa_gefs,00,WindSpeed_ms_mean,23,2.8789626857426764
gec00,00,2023-09-09,2023-10-03,gcrew,noaa_gefs,00,AirTemp_C_mean,24,19.176812744140648
gec00,00,2023-09-09,2023-10-03,gcrew,noaa_gefs,00,RH_percent_mean,24,79.48908996582031
gec00,00,2023-09-09,2023-10-03,gcrew,noaa_gefs,00,Rain_mm_sum,24,0
gec00,00,2023-09-09,2023-10-03,gcrew,noaa_gefs,00,ShortwaveRadiation_Wm2,24,204.5
gec00,00,2023-09-09,2023-10-03,gcrew,noaa_gefs,00,WindSpeed_ms_mean,24,2.91516139807672
gec00,00,2023-09-09,2023-10-04,gcrew,noaa_gefs,00,AirTemp_C_mean,25,22.34058532714846
gec00,00,2023-09-09,2023-10-04,gcrew,noaa_gefs,00,RH_percent_mean,25,75.36294078826904
gec00,00,2023-09-09,2023-10-04,gcrew,noaa_gefs,00,Rain_mm_sum,25,0
gec00,00,2023-09-09,2023-10-04,gcrew,noaa_gefs,00,ShortwaveRadiation_Wm2,25,210.75
gec00,00,2023-09-09,2023-10-04,gcrew,noaa_gefs,00,WindSpeed_ms_mean,25,2.9960568170531348
gec00,00,2023-09-09,2023-10-05,gcrew,noaa_gefs,00,AirTemp_C_mean,26,21.978173828125023
gec00,00,2023-09-09,2023-10-05,gcrew,noaa_gefs,00,RH_percent_mean,26,62.96555137634277
gec00,00,2023-09-09,2023-10-05,gcrew,noaa_gefs,00,Rain_mm_sum,26,0.30000000447034836
gec00,00,2023-09-09,2023-10-05,gcrew,noaa_gefs,00,ShortwaveRadiation_Wm2,26,181
gec00,00,2023-09-09,2023-10-05,gcrew,noaa_gefs,00,WindSpeed_ms_mean,26,5.094556622266271
gec00,00,2023-09-09,2023-10-06,gcrew,noaa_gefs,00,AirTemp_C_mean,27,17.76600799560549
gec00,00,2023-09-09,2023-10-06,gcrew,noaa_gefs,00,RH_percent_mean,27,66.44743537902832
gec00,00,2023-09-09,2023-10-06,gcrew,noaa_gefs,00,Rain_mm_sum,27,0
gec00,00,2023-09-09,2023-10-06,gcrew,noaa_gefs,00,ShortwaveRadiation_Wm2,27,141
gec00,00,2023-09-09,2023-10-06,gcrew,noaa_gefs,00,WindSpeed_ms_mean,27,4.729005513864134
gec00,00,2023-09-09,2023-10-07,gcrew,noaa_gefs,00,AirTemp_C_mean,28,16.294488525390648
gec00,00,2023-09-09,2023-10-07,gcrew,noaa_gefs,00,RH_percent_mean,28,53.386996269226074
gec00,00,2023-09-09,2023-10-07,gcrew,noaa_gefs,00,Rain_mm_sum,28,0
gec00,00,2023-09-09,2023-10-07,gcrew,noaa_gefs,00,ShortwaveRadiation_Wm2,28,189.75
gec00,00,2023-09-09,2023-10-07,gcrew,noaa_gefs,00,WindSpeed_ms_mean,28,3.770817246533188
gec00,00,2023-09-09,2023-10-08,gcrew,noaa_gefs,00,AirTemp_C_mean,29,16.038568115234398
gec00,00,2023-09-09,2023-10-08,gcrew,noaa_gefs,00,RH_percent_mean,29,62.47337341308594
gec00,00,2023-09-09,2023-10-08,gcrew,noaa_gefs,00,Rain_mm_sum,29,0
gec00,00,2023-09-09,2023-10-08,gcrew,noaa_gefs,00,ShortwaveRadiation_Wm2,29,182
gec00,00,2023-09-09,2023-10-08,gcrew,noaa_gefs,00,WindSpeed_ms_mean,29,4.436974656013027
gec00,00,2023-09-09,2023-10-09,gcrew,noaa_gefs,00,AirTemp_C_mean,30,18.04213104248049
gec00,00,2023-09-09,2023-10-09,gcrew,noaa_gefs,00,RH_percent_mean,30,64.63348579406738
gec00,00,2023-09-09,2023-10-09,gcrew,noaa_gefs,00,Rain_mm_sum,30,0.10000000149011612
gec00,00,2023-09-09,2023-10-09,gcrew,noaa_gefs,00,ShortwaveRadiation_Wm2,30,180.5
gec00,00,2023-09-09,2023-10-09,gcrew,noaa_gefs,00,WindSpeed_ms_mean,30,7.391516267652271
gec00,00,2023-09-09,2023-10-10,gcrew,noaa_gefs,00,AirTemp_C_mean,31,10.97205505371096
gec00,00,2023-09-09,2023-10-10,gcrew,noaa_gefs,00,RH_percent_mean,31,45.596985816955566
gec00,00,2023-09-09,2023-10-10,gcrew,noaa_gefs,00,Rain_mm_sum,31,0
gec00,00,2023-09-09,2023-10-10,gcrew,noaa_gefs,00,ShortwaveRadiation_Wm2,31,209.25
gec00,00,2023-09-09,2023-10-10,gcrew,noaa_gefs,00,WindSpeed_ms_mean,31,4.847591688904462
gec00,00,2023-09-09,2023-10-11,gcrew,noaa_gefs,00,AirTemp_C_mean,32,13.605989074707054
gec00,00,2023-09-09,2023-10-11,gcrew,noaa_gefs,00,RH_percent_mean,32,67.84227752685547
gec00,00,2023-09-09,2023-10-11,gcrew,noaa_gefs,00,Rain_mm_sum,32,0.10000000149011612
gec00,00,2023-09-09,2023-10-11,gcrew,noaa_gefs,00,ShortwaveRadiation_Wm2,32,119
gec00,00,2023-09-09,2023-10-11,gcrew,noaa_gefs,00,WindSpeed_ms_mean,32,4.346613717382562
gec00,00,2023-09-09,2023-10-12,gcrew,noaa_gefs,00,AirTemp_C_mean,33,20.219476318359398
gec00,00,2023-09-09,2023-10-12,gcrew,noaa_gefs,00,RH_percent_mean,33,86.41911506652832
gec00,00,2023-09-09,2023-10-12,gcrew,noaa_gefs,00,Rain_mm_sum,33,0.10000000149011612
gec00,00,2023-09-09,2023-10-12,gcrew,noaa_gefs,00,ShortwaveRadiation_Wm2,33,121
gec00,00,2023-09-09,2023-10-12,gcrew,noaa_gefs,00,WindSpeed_ms_mean,33,6.458461832002699
gec00,00,2023-09-09,2023-10-13,gcrew,noaa_gefs,00,AirTemp_C_mean,34,21.163812255859398
gec00,00,2023-09-09,2023-10-13,gcrew,noaa_gefs,00,RH_percent_mean,34,83.2275333404541
gec00,00,2023-09-09,2023-10-13,gcrew,noaa_gefs,00,Rain_mm_sum,34,26.900000289082527
gec00,00,2023-09-09,2023-10-13,gcrew,noaa_gefs,00,ShortwaveRadiation_Wm2,34,84.75
gec00,00,2023-09-09,2023-10-13,gcrew,noaa_gefs,00,WindSpeed_ms_mean,34,7.309394128531857
gec00,00,2023-09-09,2023-10-14,gcrew,noaa_gefs,00,AirTemp_C_mean,35,17.296502685546898
gec00,00,2023-09-09,2023-10-14,gcrew,noaa_gefs,00,RH_percent_mean,35,54.04242706298828
gec00,00,2023-09-09,2023-10-14,gcrew,noaa_gefs,00,Rain_mm_sum,35,0
gec00,00,2023-09-09,2023-10-14,gcrew,noaa_gefs,00,ShortwaveRadiation_Wm2,35,247
gec00,00,2023-09-09,2023-10-14,gcrew,noaa_gefs,00,WindSpeed_ms_mean,35,7.0066434777233235
gep01,00,2023-09-09,2023-09-09,gcrew,noaa_gefs,01,AirTemp_C_mean,0,24.57565133231029
gep01,00,2023-09-09,2023-09-09,gcrew,noaa_gefs,01,RH_percent_mean,0,81.28700474330357
gep01,00,2023-09-09,2023-09-09,gcrew,noaa_gefs,01,Rain_mm_sum,0,9.989999949932098
gep01,00,2023-09-09,2023-09-09,gcrew,noaa_gefs,01,ShortwaveRadiation_Wm2,0,208.42857142857142
gep01,00,2023-09-09,2023-09-09,gcrew,noaa_gefs,01,WindSpeed_ms_mean,0,2.244640159790602
gep01,00,2023-09-09,2023-09-10,gcrew,noaa_gefs,01,AirTemp_C_mean,1,23.364217376709007
gep01,00,2023-09-09,2023-09-10,gcrew,noaa_gefs,01,RH_percent_mean,1,79.58796691894531
gep01,00,2023-09-09,2023-09-10,gcrew,noaa_gefs,01,Rain_mm_sum,1,2.1700000278651714
gep01,00,2023-09-09,2023-09-10,gcrew,noaa_gefs,01,ShortwaveRadiation_Wm2,1,106
gep01,00,2023-09-09,2023-09-10,gcrew,noaa_gefs,01,WindSpeed_ms_mean,1,2.0001020501904465
gep01,00,2023-09-09,2023-09-11,gcrew,noaa_gefs,01,AirTemp_C_mean,2,23.99094161987307
gep01,00,2023-09-09,2023-09-11,gcrew,noaa_gefs,01,RH_percent_mean,2,76.6868748664856
gep01,00,2023-09-09,2023-09-11,gcrew,noaa_gefs,01,Rain_mm_sum,2,14.520000278949738
gep01,00,2023-09-09,2023-09-11,gcrew,noaa_gefs,01,ShortwaveRadiation_Wm2,2,236.125
gep01,00,2023-09-09,2023-09-11,gcrew,noaa_gefs,01,WindSpeed_ms_mean,2,1.2761169694246208
gep01,00,2023-09-09,2023-09-12,gcrew,noaa_gefs,01,AirTemp_C_mean,3,24.883412933349632
gep01,00,2023-09-09,2023-09-12,gcrew,noaa_gefs,01,RH_percent_mean,3,71.71621131896973
gep01,00,2023-09-09,2023-09-12,gcrew,noaa_gefs,01,Rain_mm_sum,3,5.510000050067902
gep01,00,2023-09-09,2023-09-12,gcrew,noaa_gefs,01,ShortwaveRadiation_Wm2,3,235.5
gep01,00,2023-09-09,2023-09-12,gcrew,noaa_gefs,01,WindSpeed_ms_mean,3,2.631870711383254
gep01,00,2023-09-09,2023-09-13,gcrew,noaa_gefs,01,AirTemp_C_mean,4,22.81793365478518
gep01,00,2023-09-09,2023-09-13,gcrew,noaa_gefs,01,RH_percent_mean,4,73.45065355300903
gep01,00,2023-09-09,2023-09-13,gcrew,noaa_gefs,01,Rain_mm_sum,4,13.47999992966652
gep01,00,2023-09-09,2023-09-13,gcrew,noaa_gefs,01,ShortwaveRadiation_Wm2,4,134.25
gep01,00,2023-09-09,2023-09-13,gcrew,noaa_gefs,01,WindSpeed_ms_mean,4,3.913124752342366
gep01,00,2023-09-09,2023-09-14,gcrew,noaa_gefs,01,AirTemp_C_mean,5,21.205693817138695
gep01,00,2023-09-09,2023-09-14,gcrew,noaa_gefs,01,RH_percent_mean,5,50.70257902145386
gep01,00,2023-09-09,2023-09-14,gcrew,noaa_gefs,01,Rain_mm_sum,5,0.20000000298023224
gep01,00,2023-09-09,2023-09-14,gcrew,noaa_gefs,01,ShortwaveRadiation_Wm2,5,266.875
gep01,00,2023-09-09,2023-09-14,gcrew,noaa_gefs,01,WindSpeed_ms_mean,5,3.7478175500416757
gep01,00,2023-09-09,2023-09-15,gcrew,noaa_gefs,01,AirTemp_C_mean,6,20.683343505859398
gep01,00,2023-09-09,2023-09-15,gcrew,noaa_gefs,01,RH_percent_mean,6,51.90177011489868
gep01,00,2023-09-09,2023-09-15,gcrew,noaa_gefs,01,Rain_mm_sum,6,0
gep01,00,2023-09-09,2023-09-15,gcrew,noaa_gefs,01,ShortwaveRadiation_Wm2,6,267.125
gep01,00,2023-09-09,2023-09-15,gcrew,noaa_gefs,01,WindSpeed_ms_mean,6,4.967512346372693
gep01,00,2023-09-09,2023-09-16,gcrew,noaa_gefs,01,AirTemp_C_mean,7,21.02536544799807
gep01,00,2023-09-09,2023-09-16,gcrew,noaa_gefs,01,RH_percent_mean,7,53.187461853027344
gep01,00,2023-09-09,2023-09-16,gcrew,noaa_gefs,01,Rain_mm_sum,7,0
gep01,00,2023-09-09,2023-09-16,gcrew,noaa_gefs,01,ShortwaveRadiation_Wm2,7,267.25
gep01,00,2023-09-09,2023-09-16,gcrew,noaa_gefs,01,WindSpeed_ms_mean,7,4.777442492071275
gep01,00,2023-09-09,2023-09-17,gcrew,noaa_gefs,01,AirTemp_C_mean,8,21.546594238281273
gep01,00,2023-09-09,2023-09-17,gcrew,noaa_gefs,01,RH_percent_mean,8,53.33281660079956
gep01,00,2023-09-09,2023-09-17,gcrew,noaa_gefs,01,Rain_mm_sum,8,0
gep01,00,2023-09-09,2023-09-17,gcrew,noaa_gefs,01,ShortwaveRadiation_Wm2,8,259.625
gep01,00,2023-09-09,2023-09-17,gcrew,noaa_gefs,01,WindSpeed_ms_mean,8,1.228218844842356
gep01,00,2023-09-09,2023-09-18,gcrew,noaa_gefs,01,AirTemp_C_mean,9,22.745000457763695
gep01,00,2023-09-09,2023-09-18,gcrew,noaa_gefs,01,RH_percent_mean,9,58.80604076385498
gep01,00,2023-09-09,2023-09-18,gcrew,noaa_gefs,01,Rain_mm_sum,9,0.12000000104308128
gep01,00,2023-09-09,2023-09-18,gcrew,noaa_gefs,01,ShortwaveRadiation_Wm2,9,171.375
gep01,00,2023-09-09,2023-09-18,gcrew,noaa_gefs,01,WindSpeed_ms_mean,9,3.6700750408084533
gep01,00,2023-09-09,2023-09-19,gcrew,noaa_gefs,01,AirTemp_C_mean,10,21.85382232666018
gep01,00,2023-09-09,2023-09-19,gcrew,noaa_gefs,01,RH_percent_mean,10,51.910043716430664
gep01,00,2023-09-09,2023-09-19,gcrew,noaa_gefs,01,Rain_mm_sum,10,0
gep01,00,2023-09-09,2023-09-19,gcrew,noaa_gefs,01,ShortwaveRadiation_Wm2,10,222.75
gep01,00,2023-09-09,2023-09-19,gcrew,noaa_gefs,01,WindSpeed_ms_mean,10,4.17428520665981
gep01,00,2023-09-09,2023-09-20,gcrew,noaa_gefs,01,AirTemp_C_mean,11,20.50086364746096
gep01,00,2023-09-09,2023-09-20,gcrew,noaa_gefs,01,RH_percent_mean,11,56.514787673950195
gep01,00,2023-09-09,2023-09-20,gcrew,noaa_gefs,01,Rain_mm_sum,11,0
gep01,00,2023-09-09,2023-09-20,gcrew,noaa_gefs,01,ShortwaveRadiation_Wm2,11,223.75
gep01,00,2023-09-09,2023-09-20,gcrew,noaa_gefs,01,WindSpeed_ms_mean,11,3.8783071905583006
gep01,00,2023-09-09,2023-09-21,gcrew,noaa_gefs,01,AirTemp_C_mean,12,21.212396240234398
gep01,00,2023-09-09,2023-09-21,gcrew,noaa_gefs,01,RH_percent_mean,12,57.83141326904297
gep01,00,2023-09-09,2023-09-21,gcrew,noaa_gefs,01,Rain_mm_sum,12,0
gep01,00,2023-09-09,2023-09-21,gcrew,noaa_gefs,01,ShortwaveRadiation_Wm2,12,217.75
gep01,00,2023-09-09,2023-09-21,gcrew,noaa_gefs,01,WindSpeed_ms_mean,12,3.3514963749039914
gep01,00,2023-09-09,2023-09-22,gcrew,noaa_gefs,01,AirTemp_C_mean,13,23.03926239013674
gep01,00,2023-09-09,2023-09-22,gcrew,noaa_gefs,01,RH_percent_mean,13,61.35855007171631
gep01,00,2023-09-09,2023-09-22,gcrew,noaa_gefs,01,Rain_mm_sum,13,0
gep01,00,2023-09-09,2023-09-22,gcrew,noaa_gefs,01,ShortwaveRadiation_Wm2,13,219.75
gep01,00,2023-09-09,2023-09-22,gcrew,noaa_gefs,01,WindSpeed_ms_mean,13,1.8093905060696394
gep01,00,2023-09-09,2023-09-23,gcrew,noaa_gefs,01,AirTemp_C_mean,14,22.375588989257835
gep01,00,2023-09-09,2023-09-23,gcrew,noaa_gefs,01,RH_percent_mean,14,63.70778179168701
gep01,00,2023-09-09,2023-09-23,gcrew,noaa_gefs,01,Rain_mm_sum,14,0
gep01,00,2023-09-09,2023-09-23,gcrew,noaa_gefs,01,ShortwaveRadiation_Wm2,14,232
gep01,00,2023-09-09,2023-09-23,gcrew,noaa_gefs,01,WindSpeed_ms_mean,14,4.553198777918426
gep01,00,2023-09-09,2023-09-24,gcrew,noaa_gefs,01,AirTemp_C_mean,15,21.508035278320335
gep01,00,2023-09-09,2023-09-24,gcrew,noaa_gefs,01,RH_percent_mean,15,75.4688196182251
gep01,00,2023-09-09,2023-09-24,gcrew,noaa_gefs,01,Rain_mm_sum,15,0.20000000298023224
gep01,00,2023-09-09,2023-09-24,gcrew,noaa_gefs,01,ShortwaveRadiation_Wm2,15,161
gep01,00,2023-09-09,2023-09-24,gcrew,noaa_gefs,01,WindSpeed_ms_mean,15,5.2646868981549435
gep01,00,2023-09-09,2023-09-25,gcrew,noaa_gefs,01,AirTemp_C_mean,16,22.39338836669924
gep01,00,2023-09-09,2023-09-25,gcrew,noaa_gefs,01,RH_percent_mean,16,80.72414588928223
gep01,00,2023-09-09,2023-09-25,gcrew,noaa_gefs,01,Rain_mm_sum,16,0.700000025331974
gep01,00,2023-09-09,2023-09-25,gcrew,noaa_gefs,01,ShortwaveRadiation_Wm2,16,134.25
gep01,00,2023-09-09,2023-09-25,gcrew,noaa_gefs,01,WindSpeed_ms_mean,16,3.9959241047420417
gep01,00,2023-09-09,2023-09-26,gcrew,noaa_gefs,01,AirTemp_C_mean,17,21.122277832031273
gep01,00,2023-09-09,2023-09-26,gcrew,noaa_gefs,01,RH_percent_mean,17,91.78124618530273
gep01,00,2023-09-09,2023-09-26,gcrew,noaa_gefs,01,Rain_mm_sum,17,17.700000673532486
gep01,00,2023-09-09,2023-09-26,gcrew,noaa_gefs,01,ShortwaveRadiation_Wm2,17,71.75
gep01,00,2023-09-09,2023-09-26,gcrew,noaa_gefs,01,WindSpeed_ms_mean,17,4.524560070543811
gep01,00,2023-09-09,2023-09-27,gcrew,noaa_gefs,01,AirTemp_C_mean,18,21.53302917480471
gep01,00,2023-09-09,2023-09-27,gcrew,noaa_gefs,01,RH_percent_mean,18,94.12124061584473
gep01,00,2023-09-09,2023-09-27,gcrew,noaa_gefs,01,Rain_mm_sum,18,26.30000001192093
gep01,00,2023-09-09,2023-09-27,gcrew,noaa_gefs,01,ShortwaveRadiation_Wm2,18,45
gep01,00,2023-09-09,2023-09-27,gcrew,noaa_gefs,01,WindSpeed_ms_mean,18,3.4376454204120614
gep01,00,2023-09-09,2023-09-28,gcrew,noaa_gefs,01,AirTemp_C_mean,19,21.010675048828148
gep01,00,2023-09-09,2023-09-28,gcrew,noaa_gefs,01,RH_percent_mean,19,92.565582275390625
gep01,00,2023-09-09,2023-09-28,gcrew,noaa_gefs,01,Rain_mm_sum,19,16.90000021457672
gep01,00,2023-09-09,2023-09-28,gcrew,noaa_gefs,01,ShortwaveRadiation_Wm2,19,77
gep01,00,2023-09-09,2023-09-28,gcrew,noaa_gefs,01,WindSpeed_ms_mean,19,4.072877205063392
gep01,00,2023-09-09,2023-09-29,gcrew,noaa_gefs,01,AirTemp_C_mean,20,15.901658630371116
gep01,00,2023-09-09,2023-09-29,gcrew,noaa_gefs,01,RH_percent_mean,20,89.57869911193848
gep01,00,2023-09-09,2023-09-29,gcrew,noaa_gefs,01,Rain_mm_sum,20,13.20000046491623
gep01,00,2023-09-09,2023-09-29,gcrew,noaa_gefs,01,ShortwaveRadiation_Wm2,20,10
gep01,00,2023-09-09,2023-09-29,gcrew,noaa_gefs,01,WindSpeed_ms_mean,20,10.247166260311577
gep01,00,2023-09-09,2023-09-30,gcrew,noaa_gefs,01,AirTemp_C_mean,21,16.05395660400393
gep01,00,2023-09-09,2023-09-30,gcrew,noaa_gefs,01,RH_percent_mean,21,83.6533432006836
gep01,00,2023-09-09,2023-09-30,gcrew,noaa_gefs,01,Rain_mm_sum,21,2.200000062584877
gep01,00,2023-09-09,2023-09-30,gcrew,noaa_gefs,01,ShortwaveRadiation_Wm2,21,40.75
gep01,00,2023-09-09,2023-09-30,gcrew,noaa_gefs,01,WindSpeed_ms_mean,21,6.540632340833415
gep01,00,2023-09-09,2023-10-01,gcrew,noaa_gefs,01,AirTemp_C_mean,22,16.407647705078148
gep01,00,2023-09-09,2023-10-01,gcrew,noaa_gefs,01,RH_percent_mean,22,57.9601993560791
gep01,00,2023-09-09,2023-10-01,gcrew,noaa_gefs,01,Rain_mm_sum,22,0
gep01,00,2023-09-09,2023-10-01,gcrew,noaa_gefs,01,ShortwaveRadiation_Wm2,22,211.75
gep01,00,2023-09-09,2023-10-01,gcrew,noaa_gefs,01,WindSpeed_ms_mean,22,5.751839360697048
gep01,00,2023-09-09,2023-10-02,gcrew,noaa_gefs,01,AirTemp_C_mean,23,14.778672790527366
gep01,00,2023-09-09,2023-10-02,gcrew,noaa_gefs,01,RH_percent_mean,23,52.730899810791016
gep01,00,2023-09-09,2023-10-02,gcrew,noaa_gefs,01,Rain_mm_sum,23,0
gep01,00,2023-09-09,2023-10-02,gcrew,noaa_gefs,01,ShortwaveRadiation_Wm2,23,213
gep01,00,2023-09-09,2023-10-02,gcrew,noaa_gefs,01,WindSpeed_ms_mean,23,2.8789626857426764
gep01,00,2023-09-09,2023-10-03,gcrew,noaa_gefs,01,AirTemp_C_mean,24,19.176812744140648
gep01,00,2023-09-09,2023-10-03,gcrew,noaa_gefs,01,RH_percent_mean,24,79.48908996582031
gep01,00,2023-09-09,2023-10-03,gcrew,noaa_gefs,01,Rain_mm_sum,24,0
gep01,00,2023-09-09,2023-10-03,gcrew,noaa_gefs,01,ShortwaveRadiation_Wm2,24,204.5
gep01,00,2023-09-09,2023-10-03,gcrew,noaa_gefs,01,WindSpeed_ms_mean,24,2.91516139807672
gep01,00,2023-09-09,2023-10-04,gcrew,noaa_gefs,01,AirTemp_C_mean,25,22.34058532714846
gep01,00,2023-09-09,2023-10-04,gcrew,noaa_gefs,01,RH_percent_mean,25,75.36294078826904
gep01,00,2023-09-09,2023-10-04,gcrew,noaa_gefs,01,Rain_mm_sum,25,0
gep01,00,2023-09-09,2023-10-04,gcrew,noaa_gefs,01,ShortwaveRadiation_Wm2,25,210.75
gep01,00,2023-09-09,2023-10-04,gcrew,noaa_gefs,01,WindSpeed_ms_mean,25,2.9960568170531348
gep01,00,2023-09-09,2023-10-05,gcrew,noaa_gefs,01,AirTemp_C_mean,26,21.978173828125023
gep01,00,2023-09-09,2023-10-05,gcrew,noaa_gefs,01,RH_percent_mean,26,62.96555137634277
gep01,00,2023-09-09,2023-10-05,gcrew,noaa_gefs,01,Rain_mm_sum,26,0.30000000447034836
gep01,00,2023-09-09,2023-10-05,gcrew,noaa_gefs,01,ShortwaveRadiation_Wm2,26,181
gep01,00,2023-09-09,2023-10-05,gcrew,noaa_gefs,01,WindSpeed_ms_mean,26,5.094556622266271
gep01,00,2023-09-09,2023-10-06,gcrew,noaa_gefs,01,AirTemp_C_mean,27,17.76600799560549
gep01,00,2023-09-09,2023-10-06,gcrew,noaa_gefs,01,RH_percent_mean,27,66.44743537902832
gep01,00,2023-09-09,2023-10-06,gcrew,noaa_gefs,01,Rain_mm_sum,27,0
gep01,00,2023-09-09,2023-10-06,gcrew,noaa_gefs,01,ShortwaveRadiation_Wm2,27,141
gep01,00,2023-09-09,2023-10-06,gcrew,noaa_gefs,01,WindSpeed_ms_mean,27,4.729005513864134
gep01,00,2023-09-09,2023-10-07,gcrew,noaa_gefs,01,AirTemp_C_mean,28,16.294488525390648
gep01,00,2023-09-09,2023-10-07,gcrew,noaa_gefs,01,RH_percent_mean,28,53.386996269226074
gep01,00,2023-09-09,2023-10-07,gcrew,noaa_gefs,01,Rain_mm_sum,28,0
gep01,00,2023-09-09,2023-10-07,gcrew,noaa_gefs,01,ShortwaveRadiation_Wm2,28,189.75
gep01,00,2023-09-09,2023-10-07,gcrew,noaa_gefs,01,WindSpeed_ms_mean,28,3.770817246533188
gep01,00,2023-09-09,2023-10-08,gcrew,noaa_gefs,01,AirTemp_C_mean,29,16.038568115234398
gep01,00,2023-09-09,2023-10-08,gcrew,noaa_gefs,01,RH_percent_mean,29,62.47337341308594
gep01,00,2023-09-09,2023-10-08,gcrew,noaa_gefs,01,Rain_mm_sum,29,0
gep01,00,2023-09-09,2023-10-08,gcrew,noaa_gefs,01,ShortwaveRadiation_Wm2,29,182
gep01,00,2023-09-09,2023-10-08,gcrew,noaa_gefs,01,WindSpeed_ms_mean,29,4.436974656013027
gep01,00,2023-09-09,2023-10-09,gcrew,noaa_gefs,01,AirTemp_C_mean,30,18.04213104248049
gep01,00,2023-09-09,2023-10-09,gcrew,noaa_gefs,01,RH_percent_mean,30,64.63348579406738
gep01,00,2023-09-09,2023-10-09,gcrew,noaa_gefs,01,Rain_mm_sum,30,0.10000000149011612
gep01,00,2023-09-09,2023-10-09,gcrew,noaa_gefs,01,ShortwaveRadiation_Wm2,30,180.5
gep01,00,2023-09-09,2023-10-09,gcrew,noaa_gefs,01,WindSpeed_ms_mean,30,7.391516267652271
gep01,00,2023-09-09,2023-10-10,gcrew,noaa_gefs,01,AirTemp_C_mean,31,10.97205505371096
gep01,00,2023-09-09,2023-10-10,gcrew,noaa_gefs,01,RH_percent_mean,31,45.596985816955566
gep01,00,2023-09-09,2023-10-10,gcrew,noaa_gefs,01,Rain_mm_sum,31,0
gep01,00,2023-09-09,2023-10-10,gcrew,noaa_gefs,01,ShortwaveRadiation_Wm2,31,209.25
gep01,00,2023-09-09,2023-10-10,gcrew,noaa_gefs,01,WindSpeed_ms_mean,31,4.847591688904462
gep01,00,2023-09-09,2023-10-11,gcrew,noaa_gefs,01,AirTemp_C_mean,32,13.605989074707054
gep01,00,2023-09-09,2023-10-11,gcrew,noaa_gefs,01,RH_percent_mean,32,67.84227752685547
gep01,00,2023-09-09,2023-10-11,gcrew,noaa_gefs,01,Rain_mm_sum,32,0.10000000149011612
gep01,00,2023-09-09,2023-10-11,gcrew,noaa_gefs,01,ShortwaveRadiation_Wm2,32,119
gep01,00,2023-09-09,2023-10-11,gcrew,noaa_gefs,01,WindSpeed_ms_mean,32,4.346613717382562
gep01,00,2023-09-09,2023-10-12,gcrew,noaa_gefs,01,AirTemp_C_mean,33,20.219476318359398
gep01,00,2023-09-09,2023-10-12,gcrew,noaa_gefs,01,RH_percent_mean,33,86.41911506652832
gep01,00,2023-09-09,2023-10-12,gcrew,noaa_gefs,01,Rain_mm_sum,33,0.10000000149011612
gep01,00,2023-09-09,2023-10-12,gcrew,noaa_gefs,01,ShortwaveRadiation_Wm2,33,121
gep01,00,2023-09-09,2023-10-12,gcrew,noaa_gefs,01,WindSpeed_ms_mean,33,6.458461832002699
gep01,00,2023-09-09,2023-10-13,gcrew,noaa_gefs,01,AirTemp_C_mean,34,21.163812255859398
gep01,00,2023-09-09,2023-10-13,gcrew,noaa_gefs,01,RH_percent_mean,34,83.2275333404541
gep01,00,2023-09-09,2023-10-13,gcrew,noaa_gefs,01,Rain_mm_sum,34,26.900000289082527
gep01,00,2023-09-09,2023-10-13,gcrew,noaa_gefs,01,ShortwaveRadiation_Wm2,34,84.75
gep01,00,2023-09-09,2023-10-13,gcrew,noaa_gefs,01,WindSpeed_ms_mean,34,7.309394128531857
gep01,00,2023-09-09,2023-10-14,gcrew,noaa_gefs,01,AirTemp_C_mean,35,17.296502685546898
gep01,00,2023-09-09,2023-10-14,gcrew,noaa_gefs,01,RH_percent_mean,35,54.04242706298828
gep01,00,2023-09-09,2023-10-14,gcrew,noaa_gefs,01,Rain_mm_sum,35,0
gep01,00,2023-09-09,2023-10-14,gcrew,noaa_gefs,01,ShortwaveRadiation_Wm2,35,247
gep01,00,2023-09-09,2023-10-14,gcrew,noaa_gefs,01,WindSpeed_ms_mean,35,7.0066434777233235
gep02,00,2023-09-09,2023-09-09,gcrew,noaa_gefs,02,AirTemp_C_mean,0,24.57565133231029
gep02,00,2023-09-09,2023-09-09,gcrew,noaa_gefs,02,RH_percent_mean,0,81.28700474330357
gep02,00,2023-09-09,2023-09-09,gcrew,noaa_gefs,02,Rain_mm_sum,0,9.989999949932098
gep02,00,2023-09-09,2023-09-09,gcrew,noaa_gefs,02,ShortwaveRadiation_Wm2,0,208.42857142857142
gep02,00,2023-09-09,2023-09-09,gcrew,noaa_gefs,02,WindSpeed_ms_mean,0,2.244640159790602
gep02,00,2023-09-09,2023-09-10,gcrew,noaa_gefs,02,AirTemp_C_mean,1,23.364217376709007
gep02,00,2023-09-09,2023-09-10,gcrew,noaa_gefs,02,RH_percent_mean,1,79.58796691894531
gep02,00,2023-09-09,2023-09-10,gcrew,noaa_gefs,02,Rain_mm_sum,1,2.1700000278651714
gep02,00,2023-09-09,2023-09-10,gcrew,noaa_gefs,02,ShortwaveRadiation_Wm2,1,106
gep02,00,2023-09-09,2023-09-10,gcrew,noaa_gefs,02,WindSpeed_ms_mean,1,2.0001020501904465
gep02,00,2023-09-09,2023-09-11,gcrew,noaa_gefs,02,AirTemp_C_mean,2,23.99094161987307
gep02,00,2023-09-09,2023-09-11,gcrew,noaa_gefs,02,RH_percent_mean,2,76.6868748664856
gep02,00,2023-09-09,2023-09-11,gcrew,noaa_gefs,02,Rain_mm_sum,2,14.520000278949738
gep02,00,2023-09-09,2023-09-11,gcrew,noaa_gefs,02,ShortwaveRadiation_Wm2,2,236.125
gep02,00,2023-09-09,2023-09-11,gcrew,noaa_gefs,02,WindSpeed_ms_mean,2,1.2761169694246208
gep02,00,2023-09-09,2023-09-12,gcrew,noaa_gefs,02,AirTemp_C_mean,3,24.883412933349632
gep02,00,2023-09-09,2023-09-12,gcrew,noaa_gefs,02,RH_percent_mean,3,71.71621131896973
gep02,00,2023-09-09,2023-09-12,gcrew,noaa_gefs,02,Rain_mm_sum,3,5.510000050067902
gep02,00,2023-09-09,2023-09-12,gcrew,noaa_gefs,02,ShortwaveRadiation_Wm2,3,235.5
gep02,00,2023-09-09,2023-09-12,gcrew,noaa_gefs,02,WindSpeed_ms_mean,3,2.631870711383254
gep02,00,2023-09-09,2023-09-13,gcrew,noaa_gefs,02,AirTemp_C_mean,4,22.81793365478518
gep02,00,2023-09-09,2023-09-13,gcrew,noaa_gefs,02,RH_percent_mean,4,73.45065355300903
gep02,00,2023-09-09,2023-09-13,gcrew,noaa_gefs,02,Rain_mm_sum,4,13.47999992966652
gep02,00,2023-09-09,2023-09-13,gcrew,noaa_gefs,02,ShortwaveRadiation_Wm2,4,134.25
gep02,00,2023-09-09,2023-09-13,gcrew,noaa_gefs,02,WindSpeed_ms_mean,4,3.913124752342366
gep02,00,2023-09-09,2023-09-14,gcrew,noaa_gefs,02,AirTemp_C_mean,5,21.205693817138695
gep02,00,2023-09-09,2023-09-14,gcrew,noaa_gefs,02,RH_percent_mean,5,50.70257902145386
gep02,00,2023-09-09,2023-09-14,gcrew,noaa_gefs,02,Rain_mm_sum,5,0.20000000298023224
gep02,00,2023-09-09,2023-09-14,gcrew,noaa_gefs,02,ShortwaveRadiation_Wm2,5,266.875
gep02,00,2023-09-09,2023-09-14,gcrew,noaa_gefs,02,WindSpeed_ms_mean,5,3.7478175500416757
gep02,00,2023-09-09,2023-09-15,gcrew,noaa_gefs,02,AirTemp_C_mean,6,20.683343505859398
gep02,00,2023-09-09,2023-09-15,gcrew,noaa_gefs,02,RH_percent_mean,6,51.90177011489868
gep02,00,2023-09-09,2023-09-15,gcrew,noaa_gefs,02,Rain_mm_sum,6,0
gep02,00,2023-09-09,2023-09-15,gcrew,noaa_gefs,02,ShortwaveRadiation_Wm2,6,267.125
gep02,00,2023-09-09,2023-09-15,gcrew,noaa_gefs,02,WindSpeed_ms_mean,6,4.967512346372693
gep02,00,2023-09-09,2023-09-16,gcrew,noaa_gefs,02,AirTemp_C_mean,7,21.02536544799807
gep02,00,2023-09-09,2023-09-16,gcrew,noaa_gefs,02,RH_percent_mean,7,53.187461853027344
gep02,00,2023-09-09,2023-09-16,gcrew,noaa_gefs,02,Rain_mm_sum,7,0
gep02,00,2023-09-09,2023-09-16,gcrew,noaa_gefs,02,ShortwaveRadiation_Wm2,7,267.25
gep02,00,2023-09-09,2023-09-16,gcrew,noaa_gefs,02,WindSpeed_ms_mean,7,4.777442492071275
gep02,00,2023-09-09,2023-09-17,gcrew,noaa_gefs,02,AirTemp_C_mean,8,21.546594238281273
gep02,00,2023-09-09,2023-09-17,gcrew,noaa_gefs,02,RH_percent_mean,8,53.33281660079956
gep02,00,2023-09-09,2023-09-17,gcrew,noaa_gefs,02,Rain_mm_sum,8,0
gep02,00,2023-09-09,2023-09-17,gcrew,noaa_gefs,02,ShortwaveRadiation_Wm2,8,259.625
gep02,00,2023-09-09,2023-09-17,gcrew,noaa_gefs,02,WindSpeed_ms_mean,8,1.228218844842356
gep02,00,2023-09-09,2023-09-18,gcrew,noaa_gefs,02,AirTemp_C_mean,9,22.745000457763695
gep02,00,2023-09-09,2023-09-18,gcrew,noaa_gefs,02,RH_percent_mean,9,58.80604076385498
gep02,00,2023-09-09,2023-09-18,gcrew,noaa_gefs,02,Rain_mm_sum,9,0.12000000104308128
gep02,00,2023-09-09,2023-09-18,gcrew,noaa_gefs,02,ShortwaveRadiation_Wm2,9,171.375
gep02,00,2023-09-09,2023-09-18,gcrew,noaa_gefs,02,WindSpeed_ms_mean,9,3.6700750408084533
gep02,00,2023-09-09,2023-09-19,gcrew,noaa_gefs,02,AirTemp_C_mean,10,21.85382232666018
gep02,00,2023-09-09,2023-09-19,gcrew,noaa_gefs,02,RH_percent_mean,10,51.910043716430664
gep02,00,2023-09-09,2023-09-19,gcrew,noaa_gefs,02,Rain_mm_sum,10,0
gep02,00,2023-09-09,2023-09-19,gcrew,noaa_gefs,02,ShortwaveRadiation_Wm2,10,222.75
gep02,00,2023-09-09,2023-09-19,gcrew,noaa_gefs,02,WindSpeed_ms_mean,10,4.17428520665981
gep02,00,2023-09-09,2023-09-20,gcrew,noaa_gefs,02,AirTemp_C_mean,11,20.50086364746096
gep02,00,2023-09-09,2023-09-20,gcrew,noaa_gefs,02,RH_percent_mean,11,56.514787673950195
gep02,00,2023-09-09,2023-09-20,gcrew,noaa_gefs,02,Rain_mm_sum,11,0
gep02,00,2023-09-09,2023-09-20,gcrew,noaa_gefs,02,ShortwaveRadiation_Wm2,11,223.75
gep02,00,2023-09-09,2023-09-20,gcrew,noaa_gefs,02,WindSpeed_ms_mean,11,3.8783071905583006
gep02,00,2023-09-09,2023-09-21,gcrew,noaa_gefs,02,AirTemp_C_mean,12,21.212396240234398
gep02,00,2023-09-09,2023-09-21,gcrew,noaa_gefs,02,RH_percent_mean,12,57.83141326904297
gep02,00,2023-09-09,2023-09-21,gcrew,noaa_gefs,02,Rain_mm_sum,12,0
gep02,00,2023-09-09,2023-09-21,gcrew,noaa_gefs,02,ShortwaveRadiation_Wm2,12,217.75
gep02,00,2023-09-09,2023-09-21,gcrew,noaa_gefs,02,WindSpeed_ms_mean,12,3.3514963749039914
gep02,00,2023-09-09,2023-09-22,gcrew,noaa_gefs,02,AirTemp_C_mean,13,23.03926239013674
gep02,00,2023-09-09,2023-09-22,gcrew,noaa_gefs,02,RH_percent_mean,13,61.35855007171631
gep02,00,2023-09-09,2023-09-22,gcrew,noaa_gefs,02,Rain_mm_sum,13,0
gep02,00,2023-09-09,2023-09-22,gcrew,noaa_gefs,02,ShortwaveRadiation_Wm2,13,219.75
gep02,00,2023-09-09,2023-09-22,gcrew,noaa_gefs,02,WindSpeed_ms_mean,13,1.8093905060696394
gep02,00,2023-09-09,2023-09-23,gcrew,noaa_gefs,02,AirTemp_C_mean,14,22.375588989257835
gep02,00,2023-09-09,2023-09-23,gcrew,noaa_gefs,02,RH_percent_mean,14,63.70778179168701
gep02,00,2023-09-09,2023-09-23,gcrew,noaa_gefs,02,Rain_mm_sum,14,0
gep02,00,2023-09-09,2023-09-23,gcrew,noaa_gefs,02,ShortwaveRadiation_Wm2,14,232
gep02,00,2023-09-09,2023-09-23,gcrew,noaa_gefs,02,WindSpeed_ms_mean,14,4.553198777918426
gep02,00,2023-09-09,2023-09-24,gcrew,noaa_gefs,02,AirTemp_C_mean,15,21.508035278320335
gep02,00,2023-09-09,2023-09-24,gcrew,noaa_gefs,02,RH_percent_mean,15,75.4688196182251
gep02,00,2023-09-09,2023-09-24,gcrew,noaa_gefs,02,Rain_mm_sum,15,0.20000000298023224
gep02,00,2023-09-09,2023-09-24,gcrew,noaa_gefs,02,ShortwaveRadiation_Wm2,15,161
gep02,00,2023-09-09,2023-09-24,gcrew,noaa_gefs,02,WindSpeed_ms_mean,15,5.2646868981549435
gep02,00,2023-09-09,2023-09-25,gcrew,noaa_gefs,02,AirTemp_C_mean,16,22.39338836669924
gep02,00,2023-09-09,2023-09-25,gcrew,noaa_gefs,02,RH_percent_mean,16,80.72414588928223
gep02,00,2023-09-09,2023-09-25,gcrew,noaa_gefs,02,Rain_mm_sum,16,0.700000025331974
gep02,00,2023-09-09,2023-09-25,gcrew,noaa_gefs,02,ShortwaveRadiation_Wm2,16,134.25
gep02,00,2023-09-09,2023-09-25,gcrew,noaa_gefs,02,WindSpeed_ms_mean,16,3.9959241047420417
gep02,00,2023-09-09,2023-09-26,gcrew,noaa_gefs,02,AirTemp_C_mean,17,21.122277832031273
gep02,00,2023-09-09,2023-09-26,gcrew,noaa_gefs,02,RH_percent_mean,17,91.78124618530273
gep02,00,2023-09-09,2023-09-26,gcrew,noaa_gefs,02,Rain_mm_sum,17,17.700000673532486
gep02,00,2023-09-09,2023-09-26,gcrew,noaa_gefs,02,ShortwaveRadiation_Wm2,17,71.75
gep02,00,2023-09-09,2023-09-26,gcrew,noaa_gefs,02,WindSpeed_ms_mean,17,4.524560070543811
gep02,00,2023-09-09,2023-09-27,gcrew,noaa_gefs,02,AirTemp_C_mean,18,21.53302917480471
gep02,00,2023-09-09,2023-09-27,gcrew,noaa_gefs,02,RH_percent_mean,18,94.12124061584473
gep02,00,2023-09-09,2023-09-27,gcrew,noaa_gefs,02,Rain_mm_sum,18,26.30000001192093
gep02,00,2023-09-09,2023-09-27,gcrew,noaa_gefs,02,ShortwaveRadiation_Wm2,18,45
gep02,00,2023-09-09,2023-09-27,gcrew,noaa_gefs,02,WindSpeed_ms_mean,18,3.4376454204120614
gep02,00,2023-09-09,2023-09-28,gcrew,noaa_gefs,02,AirTemp_C_mean,19,21.010675048828148
gep02,00,2023-09-09,2023-09-28,gcrew,noaa_gefs,02,RH_percent_mean,19,92.565582275390625
gep02,00,2023-09-09,2023-09-28,gcrew,noaa_gefs,02,Rain_mm_sum,19,16.90000021457672
gep02,00,2023-09-09,2023-09-28,gcrew,noaa_gefs,02,ShortwaveRadiation_Wm2,19,77
gep02,00,2023-09-09,2023-09-28,gcrew,noaa_gefs,02,WindSpeed_ms_mean,19,4.072877205063392
gep02,00,2023-09-09,2023-09-29,gcrew,noaa_gefs,02,AirTemp_C_mean,20,15.901658630371116
gep02,00,2023-09-09,2023-09-29,gcrew,noaa_gefs,02,RH_percent_mean,20,89.57869911193848
gep02,00,2023-09-09,2023-09-29,gcrew,noaa_gefs,02,Rain_mm_sum,20,13.20000046491623
gep02,00,2023-09-09,2023-09-29,gcrew,noaa_gefs,02,ShortwaveRadiation_Wm2,20,10
gep02,00,2023-09-09,2023-09-29,gcrew,noaa_gefs,02,WindSpeed_ms_mean,20,10.247166260311577
gep02,00,2023-09-09,2023-09-30,gcrew,noaa_gefs,02,AirTemp_C_mean,21,16.05395660400393
gep02,00,2023-09-09,2023-09-30,gcrew,noaa_gefs,02,RH_percent_mean,21,83.6533432006836
gep02,00,2023-09-09,2023-09-30,gcrew,noaa_gefs,02,Rain_mm_sum,21,2.200000062584877
gep02,00,2023-09-09,2023-09-30,gcrew,noaa_gefs,02,ShortwaveRadiation_Wm2,21,40.75
gep02,00,2023-09-09,2023-09-30,gcrew,noaa_gefs,02,WindSpeed_ms_mean,21,6.540632340833415
gep02,00,2023-09-09,2023-10-01,gcrew,noaa_gefs,02,AirTemp_C_mean,22,16.407647705078148
gep02,00,2023-09-09,2023-10-01,gcrew,noaa_gefs,02,RH_percent_mean,22,57.9601993560791
gep02,00,2023-09-09,2023-10-01,gcrew,noaa_gefs,02,Rain_mm_sum,22,0
gep02,00,2023-09-09,2023-10-01,gcrew,noaa_gefs,02,ShortwaveRadiation_Wm2,22,211.75
gep02,00,2023-09-09,2023-10-01,gcrew,noaa_gefs,02,WindSpeed_ms_mean,22,5.751839360697048
gep02,00,2023-09-09,2023-10-02,gcrew,noaa_gefs,02,AirTemp_C_mean,23,14.778672790527366
gep02,00,2023-09-09,2023-10-02,gcrew,noaa_gefs,02,RH_percent_mean,23,52.730899810791016
gep02,00,2023-09-09,2023-10-02,gcrew,noaa_gefs,02,Rain_mm_sum,23,0
gep02,00,2023-09-09,2023-10-02,gcrew,noaa_gefs,02,ShortwaveRadiation_Wm2,23,213
gep02,00,2023-09-09,2023-10-02,gcrew,noaa_gefs,02,WindSpeed_ms_mean,23,2.8789626857426764
gep02,00,2023-09-09,2023-10-03,gcrew,noaa_gefs,02,AirTemp_C_mean,24,19.176812744140648
gep02,00,2023-09-09,2023-10-03,gcrew,noaa_gefs,02,RH_percent_mean,24,79.48908996582031
gep02,00,2023-09-09,2023-10-03,gcrew,noaa_gefs,02,Rain_mm_sum,24,0
gep02,00,2023-09-09,2023-10-03,gcrew,noaa_gefs,02,ShortwaveRadiation_Wm2,24,204.5
gep02,00,2023-09-09,2023-10-03,gcrew,noaa_gefs,02,WindSpeed_ms_mean,24,2.91516139807672
gep02,00,2023-09-09,2023-10-04,gcrew,noaa_gefs,02,AirTemp_C_mean,25,22.34058532714846
gep02,00,2023-09-09,2023-10-04,gcrew,noaa_gefs,02,RH_percent_mean,25,75.36294078826904
gep02,00,2023-09-09,2023-10-04,gcrew,noaa_gefs,02,Rain_mm_sum,25,0
gep02,00,2023-09-09,2023-10-04,gcrew,noaa_gefs,02,ShortwaveRadiation_Wm2,25,210.75
gep02,00,2023-09-09,2023-10-04,gcrew,noaa_gefs,02,WindSpeed_ms_mean,25,2.9960568170531348
gep02,00,2023-09-09,2023-10-05,gcrew,noaa_gefs,02,AirTemp_C_mean,26,21.978173828125023
gep02,00,2023-09-09,2023-10-05,gcrew,noaa_gefs,02,RH_percent_mean,26,62.96555137634277
gep02,00,2023-09-09,2023-10-05,gcrew,noaa_gefs,02,Rain_mm_sum,26,0.30000000447034836
gep02,00,2023-09-09,2023-10-05,gcrew,noaa_gefs,02,ShortwaveRadiation_Wm2,26,181
gep02,00,2023-09-09,2023-10-05,gcrew,noaa_gefs,02,WindSpeed_ms_mean,26,5.094556622266271
gep02,00,2023-09-09,2023-10-06,gcrew,noaa_gefs,02,AirTemp_C_mean,27,17.76600799560549
gep02,00,2023-09-09,2023-10-06,gcrew,noaa_gefs,02,RH_percent_mean,27,66.44743537902832
gep02,00,2023-09-09,2023-10-06,gcrew,noaa_gefs,02,Rain_mm_sum,27,0
gep02,00,2023-09-09,2023-10-06,gcrew,noaa_gefs,02,ShortwaveRadiation_Wm2,27,141
gep02,00,2023-09-09,2023-10-06,gcrew,noaa_gefs,02,WindSpeed_ms_mean,27,4.729005513864134
gep02,00,2023-09-09,2023-10-07,gcrew,noaa_gefs,02,AirTemp_C_mean,28,16.294488525390648
gep02,00,2023-09-09,2023-10-07,gcrew,noaa_gefs,02,RH_percent_mean,28,53.386996269226074
gep02,00,2023-09-09,2023-10-07,gcrew,noaa_gefs,02,Rain_mm_sum,28,0
gep02,00,2023-09-09,2023-10-07,gcrew,noaa_gefs,02,ShortwaveRadiation_Wm2,28,189.75
gep02,00,2023-09-09,2023-10-07,gcrew,noaa_gefs,02,WindSpeed_ms_mean,28,3.770817246533188
gep02,00,2023-09-09,2023-10-08,gcrew,noaa_gefs,02,AirTemp_C_mean,29,16.038568115234398
gep02,00,2023-09-09,2023-10-08,gcrew,noaa_gefs,02,RH_percent_mean,29,62.47337341308594
gep02,00,2023-09-09,2023-10-08,gcrew,noaa_gefs,02,Rain_mm_sum,29,0
gep02,00,2023-09-09,2023-10-08,gcrew,noaa_gefs,02,ShortwaveRadiation_Wm2,29,182
gep02,00,2023-09-09,2023-10-08,gcrew,noaa_gefs,02,WindSpeed_ms_mean,29,4.436974656013027
gep02,00,2023-09-09,2023-10-09,gcrew,noaa_gefs,02,AirTemp_C_mean,30,18.04213104248049
gep02,00,2023-09-09,2023-10-09,gcrew,noaa_gefs,02,RH_percent_mean,30,64.63348579406738
gep02,00,2023-09-09,2023-10-09,gcrew,noaa_gefs,02,Rain_mm_sum,30,0.10000000149011612
gep02,00,2023-09-09,2023-10-09,gcrew,noaa_gefs,02,ShortwaveRadiation_Wm2,30,180.5
gep02,00,2023-09-09,2023-10-09,gcrew,noaa_gefs,02,WindSpeed_ms_mean,30,7.391516267652271
gep02,00,2023-09-09,2023-10-10,gcrew,noaa_gefs,02,AirTemp_C_mean,31,10.97205505371096
gep02,00,2023-09-09,2023-10-10,gcrew,noaa_gefs,02,RH_percent_mean,31,45.596985816955566
gep02,00,2023-09-09,2023-10-10,gcrew,noaa_gefs,02,Rain_mm_sum,31,0
gep02,00,2023-09-09,2023-10-10,gcrew,noaa_gefs,02,ShortwaveRadiation_Wm2,31,209.25
gep02,00,2023-09-09,2023-10-10,gcrew,noaa_gefs,02,WindSpeed_ms_mean,31,4.847591688904462
gep02,00,2023-09-09,2023-10-11,gcrew,noaa_gefs,02,AirTemp_C_mean,32,13.605989074707054
gep02,00,2023-09-09,2023-10-11,gcrew,noaa_gefs,02,RH_percent_mean,32,67.84227752685547
gep02,00,2023-09-09,2023-10-11,gcrew,noaa_gefs,02,Rain_mm_sum,32,0.10000000149011612
gep02,00,2023-09-09,2023-10-11,gcrew,noaa_gefs,02,ShortwaveRadiation_Wm2,32,119
gep02,00,2023-09-09,2023-10-11,gcrew,noaa_gefs,02,WindSpeed_ms_mean,32,4.346613717382562
gep02,00,2023-09-09,2023-10-12,gcrew,noaa_gefs,02,AirTemp_C_mean,33,20.219476318359398
gep02,00,2023-09-09,2023-10-12,gcrew,noaa_gefs,02,RH_percent_mean,33,86.41911506652832
gep02,00,2023-09-09,2023-10-12,gcrew,noaa_gefs,02,Rain_mm_sum,33,0.10000000149011612
gep02,00,2023-09-09,2023-10-12,gcrew,noaa_gefs,02,ShortwaveRadiation_Wm2,33,121
gep02,00,2023-09-09,2023-10-12,gcrew,noaa_gefs,02,WindSpeed_ms_mean,33,6.458461832002699
gep02,00,2023-09-09,2023-10-13,gcrew,noaa_gefs,02,AirTemp_C_mean,34,21.163812255859398
gep02,00,2023-09-09,2023-10-13,gcrew,noaa_gefs,02,RH_percent_mean,34,83.2275333404541
gep02,00,2023-09-09,2023-10-13,gcrew,noaa_gefs,02,Rain_mm_sum,34,26.900000289082527
gep02,00,2023-09-09,2023-10-13,gcrew,noaa_gefs,02,ShortwaveRadiation_Wm2,34,84.75
gep02,00,2023-09-09,2023-10-13,gcrew,noaa_gefs,02,WindSpeed_ms_mean,34,7.309394128531857
gep02,00,2023-09-09,2023-10-14,gcrew,noaa_gefs,02,AirTemp_C_mean,35,17.296502685546898
gep02,00,2023-09-09,2023-10-14,gcrew,noaa_gefs,02,RH_percent_mean,35,54.04242706298828
gep02,00,2023-09-09,2023-10-14,gcrew,noaa_gefs,02,Rain_mm_sum,35,0
gep02,00,2023-09-09,2023-10-14,gcrew,noaa_gefs,02,ShortwaveRadiation_Wm2,35,247
gep02,00,2023-09-09,2023-10-14,gcrew,noaa_gefs,02,WindSpeed_ms_mean,35,7.0066434777233235
gep03,00,2023-09-09,2023-09-09,gcrew,noaa_gefs,03,AirTemp_C_mean,0,24.57565133231029
gep03,00,2023-09-09,2023-09-09,gcrew,noaa_gefs,03,RH_percent_mean,0,81.28700474330357
gep03,00,2023-09-09,2023-09-09,gcrew,noaa_gefs,03,Rain_mm_sum,0,9.989999949932098
gep03,00,2023-09-09,2023-09-09,gcrew,noaa_gefs,03,ShortwaveRadiation_Wm2,0,208.42857142857142
gep03,00,2023-09-09,2023-09-09,gcrew,noaa_gefs,03,WindSpeed_ms_mean,0,2.244640159790602
gep03,00,2023-09-09,2023-09-10,gcrew,noaa_gefs,03,AirTemp_C_mean,1,23.364217376709007
gep03,00,2023-09-09,2023-09-10,gcrew,noaa_gefs,03,RH_percent_mean,1,79.58796691894531
gep03,00,2023-09-09,2023-09-10,gcrew,noaa_gefs,03,Rain_mm_sum,1,2.1700000278651714
gep03,00,2023-09-09,2023-09-10,gcrew,noaa_gefs,03,ShortwaveRadiation_Wm2,1,106
gep03,00,2023-09-09,2023-09-10,gcrew,noaa_gefs,03,WindSpeed_ms_mean,1,2.0001020501904465
gep03,00,2023-09-09,2023-09-11,gcrew,noaa_gefs,03,AirTemp_C_mean,2,23.99094161987307
gep03,00,2023-09-09,2023-09-11,gcrew,noaa_gefs,03,RH_percent_mean,2,76.6868748664856
gep03,00,2023-09-09,2023-09-11,gcrew,noaa_gefs,03,Rain_mm_sum,2,14.520000278949738
gep03,00,2023-09-09,2023-09-11,gcrew,noaa_gefs,03,ShortwaveRadiation_Wm2,2,236.125
gep03,00,2023-09-09,2023-09-11,gcrew,noaa_gefs,03,WindSpeed_ms_mean,2,1.2761169694246208
gep03,00,2023-09-09,2023-09-12,gcrew,noaa_gefs,03,AirTemp_C_mean,3,24.883412933349632
gep03,00,2023-09-09,2023-09-12,gcrew,noaa_gefs,03,RH_percent_mean,3,71.71621131896973
gep03,00,2023-09-09,2023-09-12,gcrew,noaa_gefs,03,Rain_mm_sum,3,5.510000050067902
gep03,00,2023-09-09,2023-09-12,gcrew,noaa_gefs,03,ShortwaveRadiation_Wm2,3,235.5
gep03,00,2023-09-09,2023-09-12,gcrew,noaa_gefs,03,WindSpeed_ms_mean,3,2.631870711383254
gep03,00,2023-09-09,2023-09-13,gcrew,noaa_gefs,03,AirTemp_C_mean,4,22.81793365478518
gep03,00,2023-09-09,2023-09-13,gcrew,noaa_gefs,03,RH_percent_mean,4,73.45065355300903
gep03,00,2023-09-09,2023-09-13,gcrew,noaa_gefs,03,Rain_mm_sum,4,13.47999992966652
gep03,00,2023-09-09,2023-09-13,gcrew,noaa_gefs,03,ShortwaveRadiation_Wm2,4,134.25
gep03,00,2023-09-09,2023-09-13,gcrew,noaa_gefs,03,WindSpeed_ms_mean,4,3.913124752342366
gep03,00,2023-09-09,2023-09-14,gcrew,noaa_gefs,03,AirTemp_C_mean,5,21.205693817138695
gep03,00,2023-09-09,2023-09-14,gcrew,noaa_gefs,03,RH_percent_mean,5,50.70257902145386
gep03,00,2023-09-09,2023-09-14,gcrew,noaa_gefs,03,Rain_mm_sum,5,0.20000000298023224
gep03,00,2023-09-09,2023-09-14,gcrew,noaa_gefs,03,ShortwaveRadiation_Wm2,5,266.875
gep03,00,2023-09-09,2023-09-14,gcrew,noaa_gefs,03,WindSpeed_ms_mean,5,3.7478175500416757
gep03,00,2023-09-09,2023-09-15,gcrew,noaa_gefs,03,AirTemp_C_mean,6,20.683343505859398
gep03,00,2023-09-09,2023-09-15,gcrew,noaa_gefs,03,RH_percent_mean,6,51.90177011489868
gep03,00,2023-09-09,2023-09-15,gcrew,noaa_gefs,03,Rain_mm_sum,6,0
gep03,00,2023-09-09,2023-09-15,gcrew,noaa_gefs,03,ShortwaveRadiation_Wm2,6,267.125
gep03,00,2023-09-09,2023-09-15,gcrew,noaa_gefs,03,WindSpeed_ms_mean,6,4.967512346372693
gep03,00,2023-09-09,2023-09-16,gcrew,noaa_gefs,03,AirTemp_C_mean,7,21.02536544799807
gep03,00,2023-09-09,2023-09-16,gcrew,noaa_gefs,03,RH_percent_mean,7,53.187461853027344
gep03,00,2023-09-09,2023-09-16,gcrew,noaa_gefs,03,Rain_mm_sum,7,0
gep03,00,2023-09-09,2023-09-16,gcrew,noaa_gefs,03,ShortwaveRadiation_Wm2,7,267.25
gep03,00,2023-09-09,2023-09-16,gcrew,noaa_gefs,03,WindSpeed_ms_mean,7,4.777442492071275
gep03,00,2023-09-09,2023-09-17,gcrew,noaa_gefs,03,AirTemp_C_mean,8,21.546594238281273
gep03,00,2023-09-09,2023-09-17,gcrew,noaa_gefs,03,RH_percent_mean,8,53.33281660079956
gep03,00,2023-09-09,2023-09-17,gcrew,noaa_gefs,03,Rain_mm_sum,8,0
gep03,00,2023-09-09,2023-09-17,gcrew,noaa_gefs,03,ShortwaveRadiation_Wm2,8,259.625
gep03,00,2023-09-09,2023-09-17,gcrew,noaa_gefs,03,WindSpeed_ms_mean,8,1.228218844842356
gep03,00,2023-09-09,2023-09-18,gcrew,noaa_gefs,03,AirTemp_C_mean,9,22.745000457763695
gep03,00,2023-09-09,2023-09-18,gcrew,noaa_gefs,03,RH_percent_mean,9,58.80604076385498
gep03,00,2023-09-09,2023-09-18,gcrew,noaa_gefs,03,Rain_mm_sum,9,0.12000000104308128
gep03,00,2023-09-09,2023-09-18,gcrew,noaa_gefs,03,ShortwaveRadiation_Wm2,9,171.375
gep03,00,2023-09-09,2023-09-18,gcrew,noaa_gefs,03,WindSpeed_ms_mean,9,3.6700750408084533
gep03,00,2023-09-09,2023-09-19,gcrew,noaa_gefs,03,AirTemp_C_mean,10,21.85382232666018
gep03,00,2023-09-09,2023-09-19,gcrew,noaa_gefs,03,RH_percent_mean,10,51.910043716430664
gep03,00,2023-09-09,2023-09-19,gcrew,noaa_gefs,03,Rain_mm_sum,10,0
gep03,00,2023-09-09,2023-09-19,gcrew,noaa_gefs,03,ShortwaveRadiation_Wm2,10,222.75
gep03,00,2023-09-09,2023-09-19,gcrew,noaa_gefs,03,WindSpeed_ms_mean,10,4.17428520665981
gep03,00,2023-09-09,2023-09-20,gcrew,noaa_gefs,03,AirTemp_C_mean,11,20.50086364746096
gep03,00,2023-09-09,2023-09-20,gcrew,noaa_gefs,03,RH_percent_mean,11,56.514787673950195
gep03,00,2023-09-09,2023-09-20,gcrew,noaa_gefs,03,Rain_mm_sum,11,0
gep03,00,2023-09-09,2023-09-20,gcrew,noaa_gefs,03,ShortwaveRadiation_Wm2,11,223.75
gep03,00,2023-09-09,2023-09-20,gcrew,noaa_gefs,03,WindSpeed_ms_mean,11,3.8783071905583006
gep03,00,2023-09-09,2023-09-21,gcrew,noaa_gefs,03,AirTemp_C_mean,12,21.212396240234398
gep03,00,2023-09-09,2023-09-21,gcrew,noaa_gefs,03,RH_percent_mean,12,57.83141326904297
gep03,00,2023-09-09,2023-09-21,gcrew,noaa_gefs,03,Rain_mm_sum,12,0
gep03,00,2023-09-09,2023-09-21,gcrew,noaa_gefs,03,ShortwaveRadiation_Wm2,12,217.75
gep03,00,2023-09-09,2023-09-21,gcrew,noaa_gefs,03,WindSpeed_ms_mean,12,3.3514963749039914
gep03,00,2023-09-09,2023-09-22,gcrew,noaa_gefs,03,AirTemp_C_mean,13,23.03926239013674
gep03,00,2023-09-09,2023-09-22,gcrew,noaa_gefs,03,RH_percent_mean,13,61.35855007171631
gep03,00,2023-09-09,2023-09-22,gcrew,noaa_gefs,03,Rain_mm_sum,13,0
gep03,00,2023-09-09,2023-09-22,gcrew,noaa_gefs,03,ShortwaveRadiation_Wm2,13,219.75
gep03,00,2023-09-09,2023-09-22,gcrew,noaa_gefs,03,WindSpeed_ms_mean,13,1.8093905060696394
gep03,00,2023-09-09,2023-09-23,gcrew,noaa_gefs,03,AirTemp_C_mean,14,22.375588989257835
gep03,00,2023-09-09,2023-09-23,gcrew,noaa_gefs,03,RH_percent_mean,14,63.70778179168701
gep03,00,2023-09-09,2023-09-23,gcrew,noaa_gefs,03,Rain_mm_sum,14,0
gep03,00,2023-09-09,2023-09-23,gcrew,noaa_gefs,03,ShortwaveRadiation_Wm2,14,232
gep03,00,2023-09-09,2023-09-23,gcrew,noaa_gefs,03,WindSpeed_ms_mean,14,4.553198777918426
gep03,00,2023-09-09,2023-09-24,gcrew,noaa_gefs,03,AirTemp_C_mean,15,21.508035278320335
gep03,00,2023-09-09,2023-09-24,gcrew,noaa_gefs,03,RH_percent_mean,15,75.4688196182251
gep03,00,2023-09-09,2023-09-24,gcrew,noaa_gefs,03,Rain_mm_sum,15,0.20000000298023224
gep03,00,2023-09-09,2023-09-24,gcrew,noaa_gefs,03,ShortwaveRadiation_Wm2,15,161
gep03,00,2023-09-09,2023-09-24,gcrew,noaa_gefs,03,WindSpeed_ms_mean,15,5.2646868981549435
gep03,00,2023-09-09,2023-09-25,gcrew,noaa_gefs,03,AirTemp_C_mean,16,22.39338836669924
gep03,00,2023-09-09,2023-09-25,gcrew,noaa_gefs,03,RH_percent_mean,16,80.72414588928223
gep03,00,2023-09-09,2023-09-25,gcrew,noaa_gefs,03,Rain_mm_sum,16,0.700000025331974
gep03,00,2023-09-09,2023-09-25,gcrew,noaa_gefs,03,ShortwaveRadiation_Wm2,16,134.25
gep03,00,2023-09-09,2023-09-25,gcrew,noaa_gefs,03,WindSpeed_ms_mean,16,3.9959241047420417
gep03,00,2023-09-09,2023-09-26,gcrew,noaa_gefs,03,AirTemp_C_mean,17,21.122277832031273
gep03,00,2023-09-09,2023-09-26,gcrew,noaa_gefs,03,RH_percent_mean,17,91.78124618530273
gep03,00,2023-09-09,2023-09-26,gcrew,noaa_gefs,03,Rain_mm_sum,17,17.700000673532486
gep03,00,2023-09-09,2023-09-26,gcrew,noaa_gefs,03,ShortwaveRadiation_Wm2,17,71.75
gep03,00,2023-09-09,2023-09-26,gcrew,noaa_gefs,03,WindSpeed_ms_mean,17,4.524560070543811
gep03,00,2023-09-09,2023-09-27,gcrew,noaa_gefs,03,AirTemp_C_mean,18,21.53302917480471
gep03,00,2023-09-09,2023-09-27,gcrew,noaa_gefs,03,RH_percent_mean,18,94.12124061584473
gep03,00,2023-09-09,2023-09-27,gcrew,noaa_gefs,03,Rain_mm_sum,18,26.30000001192093
gep03,00,2023-09-09,2023-09-27,gcrew,noaa_gefs,03,ShortwaveRadiation_Wm2,18,45
gep03,00,2023-09-09,2023-09-27,gcrew,noaa_gefs,03,WindSpeed_ms_mean,18,3.4376454204120614
gep03,00,2023-09-09,2023-09-28,gcrew,noaa_gefs,03,AirTemp_C_mean,19,21.010675048828148
gep03,00,2023-09-09,2023-09-28,gcrew,noaa_gefs,03,RH_percent_mean,19,92.565582275390625
gep03,00,2023-09-09,2023-09-28,gcrew,noaa_gefs,03,Rain_mm_sum,19,16.90000021457672
gep03,00,2023-09-09,2023-09-28,gcrew,noaa_gefs,03,ShortwaveRadiation_Wm2,19,77
gep03,00,2023-09-09,2023-09-28,gcrew,noaa_gefs,03,WindSpeed_ms_mean,19,4.072877205063392
gep03,00,2023-09-09,2023-09-29,gcrew,noaa_gefs,03,AirTemp_C_mean,20,15.901658630371116
gep03,00,2023-09-09,2023-09-29,gcrew,noaa_gefs,03,RH_percent_mean,20,89.57869911193848
gep03,00,2023-09-09,2023-09-29,gcrew,noaa_gefs,03,Rain_mm_sum,20,13.20000046491623
gep03,00,2023-09-09,2023-09-29,gcrew,noaa_gefs,03,ShortwaveRadiation_Wm2,20,10
gep03,00,2023-09-09,2023-09-29,gcrew,noaa_gefs,03,WindSpeed_ms_mean,20,10.247166260311577
gep03,00,2023-09-09,2023-09-30,gcrew,noaa_gefs,03,AirTemp_C_mean,21,16.05395660400393
gep03,00,2023-09-09,2023-09-30,gcrew,noaa_gefs,03,RH_percent_mean,21,83.6533432006836
gep03,00,2023-09-09,2023-09-30,gcrew,noaa_gefs,03,Rain_mm_sum,21,2.200000062584877
gep03,00,2023-09-09,2023-09-30,gcrew,noaa_gefs,03,ShortwaveRadiation_Wm2,21,40.75
gep03,00,2023-09-09,2023-09-30,gcrew,noaa_gefs,03,WindSpeed_ms_mean,21,6.540632340833415
gep03,00,2023-09-09,2023-10-01,gcrew,noaa_gefs,03,AirTemp_C_mean,22,16.407647705078148
gep03,00,2023-09-09,2023-10-01,gcrew,noaa_gefs,03,RH_percent_mean,22,57.9601993560791
gep03,00,2023-09-09,2023-10-01,gcrew,noaa_gefs,03,Rain_mm_sum,22,0
gep03,00,2023-09-09,2023-10-01,gcrew,noaa_gefs,03,ShortwaveRadiation_Wm2,22,211.75
gep03,00,2023-09-09,2023-10-01,gcrew,noaa_gefs,03,WindSpeed_ms_mean,22,5.751839360697048
gep03,00,2023-09-09,2023-10-02,gcrew,noaa_gefs,03,AirTemp_C_mean,23,14.778672790527366
gep03,00,2023-09-09,2023-10-02,gcrew,noaa_gefs,03,RH_percent_mean,23,52.730899810791016
gep03,00,2023-09-09,2023-10-02,gcrew,noaa_gefs,03,Rain_mm_sum,23,0
gep03,00,2023-09-09,2023-10-02,gcrew,noaa_gefs,03,ShortwaveRadiation_Wm2,23,213
gep03,00,2023-09-09,2023-10-02,gcrew,noaa_gefs,03,WindSpeed_ms_mean,23,2.8789626857426764
gep03,00,2023-09-09,2023-10-03,gcrew,noaa_gefs,03,AirTemp_C_mean,24,19.176812744140648
gep03,00,2023-09-09,2023-10-03,gcrew,noaa_gefs,03,RH_percent_mean,24,79.48908996582031
gep03,00,2023-09-09,2023-10-03,gcrew,noaa_gefs,03,Rain_mm_sum,24,0
gep03,00,2023-09-09,2023-10-03,gcrew,noaa_gefs,03,ShortwaveRadiation_Wm2,24,204.5
gep03,00,2023-09-09,2023-10-03,gcrew,noaa_gefs,03,WindSpeed_ms_mean,24,2.91516139807672
gep03,00,2023-09-09,2023-10-04,gcrew,noaa_gefs,03,AirTemp_C_mean,25,22.34058532714846
gep03,00,2023-09-09,2023-10-04,gcrew,noaa_gefs,03,RH_percent_mean,25,75.36294078826904
gep03,00,2023-09-09,2023-10-04,gcrew,noaa_gefs,03,Rain_mm_sum,25,0
gep03,00,2023-09-09,2023-10-04,gcrew,noaa_gefs,03,ShortwaveRadiation_Wm2,25,210.75
gep03,00,2023-09-09,2023-10-04,gcrew,noaa_gefs,03,WindSpeed_ms_mean,25,2.9960568170531348
gep03,00,2023-09-09,2023-10-05,gcrew,noaa_gefs,03,AirTemp_C_mean,26,21.978173828125023
gep03,00,2023-09-09,2023-10-05,gcrew,noaa_gefs,03,RH_percent_mean,26,62.96555137634277
gep03,00,2023-09-09,2023-10-05,gcrew,noaa_gefs,03,Rain_mm_sum,26,0.30000000447034836
gep03,00,2023-09-09,2023-10-05,gcrew,noaa_gefs,03,ShortwaveRadiation_Wm2,26,181
gep03,00,2023-09-09,2023-10-05,gcrew,noaa_gefs,03,WindSpeed_ms_mean,26,5.094556622266271
gep03,00,2023-09-09,2023-10-06,gcrew,noaa_gefs,03,AirTemp_C_mean,27,17.76600799560549
gep03,00,2023-09-09,2023-10-06,gcrew,noaa_gefs,03,RH_percent_mean,27,66.44743537902832
gep03,00,2023-09-09,2023-10-06,gcrew,noaa_gefs,03,Rain_mm_sum,27,0
gep03,00,2023-09-09,2023-10-06,gcrew,noaa_gefs,03,ShortwaveRadiation_Wm2,27,141
gep03,00,2023-09-09,2023-10-06,gcrew,noaa_gefs,03,WindSpeed_ms_mean,27,4.729005513864134
gep03,00,2023-09-09,2023-10-07,gcrew,noaa_gefs,03,AirTemp_C_mean,28,16.294488525390648
gep03,00,2023-09-09,2023-10-07,gcrew,noaa_gefs,03,RH_percent_mean,28,53.386996269226074
gep03,00,2023-09-09,2023-10-07,gcrew,noaa_gefs,03,Rain_mm_sum,28,0
gep03,00,2023-09-09,2023-10-07,gcrew,noaa_gefs,03,ShortwaveRadiation_Wm2,28,189.75
gep03,00,2023-09-09,2023-10-07,gcrew,noaa_gefs,03,WindSpeed_ms_mean,28,3.770817246533188
gep03,00,2023-09-09,2023-10-08,gcrew,noaa_gefs,03,AirTemp_C_mean,29,16.038568115234398
gep03,00,2023-09-09,2023-10-08,gcrew,noaa_gefs,03,RH_percent_mean,29,62.47337341308594
gep03,00,2023-09-09,2023-10-08,gcrew,noaa_gefs,03,Rain_mm_sum,29,0
gep03,00,2023-09-09,2023-10-08,gcrew,noaa_gefs,03,ShortwaveRadiation_Wm2,29,182
gep03,00,2023-09-09,2023-10-08,gcrew,noaa_gefs,03,WindSpeed_ms_mean,29,4.436974656013027
gep03,00,2023-09-09,2023-10-09,gcrew,noaa_gefs,03,AirTemp_C_mean,30,18.04213104248049
gep03,00,2023-09-09,2023-10-09,gcrew,noaa_gefs,03,RH_percent_mean,30,64.63348579406738
gep03,00,2023-09-09,2023-10-09,gcrew,noaa_gefs,03,Rain_mm_sum,30,0.10000000149011612
gep03,00,2023-09-09,2023-10-09,gcrew,noaa_gefs,03,ShortwaveRadiation_Wm2,30,180.5
gep03,00,2023-09-09,2023-10-09,gcrew,noaa_gefs,03,WindSpeed_ms_mean,30,7.391516267652271
gep03,00,2023-09-09,2023-10-10,gcrew,noaa_gefs,03,AirTemp_C_mean,31,10.97205505371096
gep03,00,2023-09-09,2023-10-10,gcrew,noaa_gefs,03,RH_percent_mean,31,45.596985816955566
gep03,00,2023-09-09,2023-10-10,gcrew,noaa_gefs,03,Rain_mm_sum,31,0
gep03,00,2023-09-09,2023-10-10,gcrew,noaa_gefs,03,ShortwaveRadiation_Wm2,31,209.25
gep03,00,2023-09-09,2023-10-10,gcrew,noaa_gefs,03,WindSpeed_ms_mean,31,4.847591688904462
gep03,00,2023-09-09,2023-10-11,gcrew,noaa_gefs,03,AirTemp_C_mean,32,13.605989074707054
gep03,00,2023-09-09,2023-10-11,gcrew,noaa_gefs,03,RH_percent_mean,32,67.84227752685547
gep03,00,2023-09-09,2023-10-11,gcrew,noaa_gefs,03,Rain_mm_sum,32,0.10000000149011612
gep03,00,2023-09-09,2023-10-11,gcrew,noaa_gefs,03,ShortwaveRadiation_Wm2,32,119
gep03,00,2023-09-09,2023-10-11,gcrew,noaa_gefs,03,WindSpeed_ms_mean,32,4.346613717382562
gep03,00,2023-09-09,2023-10-12,gcrew,noaa_gefs,03,AirTemp_C_mean,33,20.219476318359398
gep03,00,2023-09-09,2023-10-12,gcrew,noaa_gefs,03,RH_percent_mean,33,86.41911506652832
gep03,00,2023-09-09,2023-10-12,gcrew,noaa_gefs,03,Rain_mm_sum,33,0.10000000149011612
gep03,00,2023-09-09,2023-10-12,gcrew,noaa_gefs,03,ShortwaveRadiation_Wm2,33,121
gep03,00,2023-09-09,2023-10-12,gcrew,noaa_gefs,03,WindSpeed_ms_mean,33,6.458461832002699
gep03,00,2023-09-09,2023-10-13,gcrew,noaa_gefs,03,AirTemp_C_mean,34,21.163812255859398
gep03,00,2023-09-09,2023-10-13,gcrew,noaa_gefs,03,RH_percent_mean,34,83.2275333404541
gep03,00,2023-09-09,2023-10-13,gcrew,noaa_gefs,03,Rain_mm_sum,34,26.900000289082527
gep03,00,2023-09-09,2023-10-13,gcrew,noaa_gefs,03,ShortwaveRadiation_Wm2,34,84.75
gep03,00,2023-09-09,2023-10-13,gcrew,noaa_gefs,03,WindSpeed_ms_mean,34,7.309394128531857
gep03,00,2023-09-09,2023-10-14,gcrew,noaa_gefs,03,AirTemp_C_mean,35,17.296502685546898
gep03,00,2023-09-09,2023-10-14,gcrew,noaa_gefs,03,RH_percent_mean,35,54.04242706298828
gep03,00,2023-09-09,2023-10-14,gcrew,noaa_gefs,03,Rain_mm_sum,35,0
gep03,00,2023-09-09,2023-10-14,gcrew,noaa_gefs,03,ShortwaveRadiation_Wm2,35,247
gep03,00,2023-09-09,2023-10-14,gcrew,noaa_gefs,03,WindSpeed_ms_mean,35,7.0066434777233235
gep04,00,2023-09-09,2023-09-09,gcrew,noaa_gefs,04,AirTemp_C_mean,0,24.57565133231029
gep04,00,2023-09-09,2023-09-09,gcrew,noaa_gefs,04,RH_percent_mean,0,81.28700474330357
gep04,00,2023-09-09,2023-09-09,gcrew,noaa_gefs,04,Rain_mm_sum,0,9.989999949932098
gep04,00,2023-09-09,2023-09-09,gcrew,noaa_gefs,04,ShortwaveRadiation_Wm2,0,208.42857142857142
gep04,00,2023-09-09,2023-09-09,gcrew,noaa_gefs,04,WindSpeed_ms_mean,0,2.244640159790602
gep04,00,2023-09-09,2023-09-10,gcrew,noaa_gefs,04,AirTemp_C_mean,1,23.364217376709007
gep04,00,2023-09-09,2023-09-10,gcrew,noaa_gefs,04,RH_percent_mean,1,79.58796691894531
gep04,00,2023-09-09,2023-09-10,gcrew,noaa_gefs,04,Rain_mm_sum,1,2.1700000278651714
gep04,00,2023-09-09,2023-09-10,gcrew,noaa_gefs,04,ShortwaveRadiation_Wm2,1,106
gep04,00,2023-09-09,2023-09-10,gcrew,noaa_gefs,04,WindSpeed_ms_mean,1,2.0001020501904465
gep04,00,2023-09-09,2023-09-11,gcrew,noaa_gefs,04,AirTemp_C_mean,2,23.99094161987307
gep04,00,2023-09-09,2023-09-11,gcrew,noaa_gefs,04,RH_percent_mean,2,76.6868748664856
gep04,00,2023-09-09,2023-09-11,gcrew,noaa_gefs,04,Rain_mm_sum,2,14.520000278949738
gep04,00,2023-09-09,2023-09-11,gcrew,noaa_gefs,04,ShortwaveRadiation_Wm2,2,236.125
gep04,00,2023-09-09,2023-09-11,gcrew,noaa_gefs,04,WindSpeed_ms_mean,2,1.2761169694246208
gep04,00,2023-09-09,2023-09-12,gcrew,noaa_gefs,04,AirTemp_C_mean,3,24.883412933349632
gep04,00,2023-09-09,2023-09-12,gcrew,noaa_gefs,04,RH_percent_mean,3,71.71621131896973
gep04,00,2023-09-09,2023-09-12,gcrew,noaa_gefs,04,Rain_mm_sum,3,5.510000050067902
gep04,00,2023-09-09,2023-09-12,gcrew,noaa_gefs,04,ShortwaveRadiation_Wm2,3,235.5
gep04,00,2023-09-09,2023-09-12,gcrew,noaa_gefs,04,WindSpeed_ms_mean,3,2.631870711383254
gep04,00,2023-09-09,2023-09-13,gcrew,noaa_gefs,04,AirTemp_C_mean,4,22.81793365478518
gep04,00,2023-09-09,2023-09-13,gcrew,noaa_gefs,04,RH_percent_mean,4,73.45065355300903
gep04,00,2023-09-09,2023-09-13,gcrew,noaa_gefs,04,Rain_mm_sum,4,13.47999992966652
gep04,00,2023-09-09,2023-09-13,gcrew,noaa_gefs,04,ShortwaveRadiation_Wm2,4,134.25
gep04,00,2023-09-09,2023-09-13,gcrew,noaa_gefs,04,WindSpeed_ms_mean,4,3.913124752342366
gep04,00,2023-09-09,2023-09-14,gcrew,noaa_gefs,04,AirTemp_C_mean,5,21.205693817138695
gep04,00,2023-09-09,2023-09-14,gcrew,noaa_gefs,04,RH_percent_mean,5,50.70257902145386
gep04,00,2023-09-09,2023-09-14,gcrew,noaa_gefs,04,Rain_mm_sum,5,0.20000000298023224
gep04,00,2023-09-09,2023-09-14,gcrew,noaa_gefs,04,ShortwaveRadiation_Wm2,5,266.875
gep04,00,2023-09-09,2023-09-14,gcrew,noaa_gefs,04,WindSpeed_ms_mean,5,3.7478175500416757
gep04,00,2023-09-09,2023-09-15,gcrew,noaa_gefs,04,AirTemp_C_mean,6,20.683343505859398
gep04,00,2023-09-09,2023-09-15,gcrew,noaa_gefs,04,RH_percent_mean,6,51.90177011489868
gep04,00,2023-09-09,2023-09-15,gcrew,noaa_gefs,04,Rain_mm_sum,6,0
gep04,00,2023-09-09,2023-09-15,gcrew,noaa_gefs,04,ShortwaveRadiation_Wm2,6,267.125
gep04,00,2023-09-09,2023-09-15,gcrew,noaa_gefs,04,WindSpeed_ms_mean,6,4.967512346372693
gep04,00,2023-09-09,2023-09-16,gcrew,noaa_gefs,04,AirTemp_C_mean,7,21.02536544799807
gep04,00,2023-09-09,2023-09-16,gcrew,noaa_gefs,04,RH_percent_mean,7,53.187461853027344
gep04,00,2023-09-09,2023-09-16,gcrew,noaa_gefs,04,Rain_mm_sum,7,0
gep04,00,2023-09-09,2023-09-16,gcrew,noaa_gefs,04,ShortwaveRadiation_Wm2,7,267.25
gep04,00,2023-09-09,2023-09-16,gcrew,noaa_gefs,04,WindSpeed_ms_mean,7,4.777442492071275
gep04,00,2023-09-09,2023-09-17,gcrew,noaa_gefs,04,AirTemp_C_mean,8,21.546594238281273
gep04,00,2023-09-09,2023-09-17,gcrew,noaa_gefs,04,RH_percent_mean,8,53.33281660079956
gep04,00,2023-09-09,2023-09-17,gcrew,noaa_gefs,04,Rain_mm_sum,8,0
gep04,00,2023-09-09,2023-09-17,gcrew,noaa_gefs,04,ShortwaveRadiation_Wm2,8,259.625
gep04,00,2023-09-09,2023-09-17,gcrew,noaa_gefs,04,WindSpeed_ms_mean,8,1.228218844842356
gep04,00,2023-09-09,2023-09-18,gcrew,noaa_gefs,04,AirTemp_C_mean,9,22.745000457763695
gep04,00,2023-09-09,2023-09-18,gcrew,noaa_gefs,04,RH_percent_mean,9,58.80604076385498
gep04,00,2023-09-09,2023-09-18,gcrew,noaa_gefs,04,Rain_mm_sum,9,0.12000000104308128
gep04,00,2023-09-09,2023-09-18,gcrew,noaa_gefs,04,ShortwaveRadiation_Wm2,9,171.375
gep04,00,2023-09-09,2023-09-18,gcrew,noaa_gefs,04,WindSpeed_ms_mean,9,3.6700750408084533
gep04,00,2023-09-09,2023-09-19,gcrew,noaa_gefs,04,AirTemp_C_mean,10,21.85382232666018
gep04,00,2023-09-09,2023-09-19,gcrew,noaa_gefs,04,RH_percent_mean,10,51.910043716430664
gep04,00,2023-09-09,2023-09-19,gcrew,noaa_gefs,04,Rain_mm_sum,10,0
gep04,00,2023-09-09,2023-09-19,gcrew,noaa_gefs,04,ShortwaveRadiation_Wm2,10,222.75
gep04,00,2023-09-09,2023-09-19,gcrew,noaa_gefs,04,WindSpeed_ms_mean,10,4.17428520665981
gep04,00,2023-09-09,2023-09-20,gcrew,noaa_gefs,04,AirTemp_C_mean,11,20.50086364746096
gep04,00,2023-09-09,2023-09-20,gcrew,noaa_gefs,04,RH_percent_mean,11,56.514787673950195
gep04,00,2023-09-09,2023-09-20,gcrew,noaa_gefs,04,Rain_mm_sum,11,0
gep04,00,2023-09-09,2023-09-20,gcrew,noaa_gefs,04,ShortwaveRadiation_Wm2,11,223.75
gep04,00,2023-09-09,2023-09-20,gcrew,noaa_gefs,04,WindSpeed_ms_mean,11,3.8783071905583006
gep04,00,2023-09-09,2023-09-21,gcrew,noaa_gefs,04,AirTemp_C_mean,12,21.212396240234398
gep04,00,2023-09-09,2023-09-21,gcrew,noaa_gefs,04,RH_percent_mean,12,57.83141326904297
gep04,00,2023-09-09,2023-09-21,gcrew,noaa_gefs,04,Rain_mm_sum,12,0
gep04,00,2023-09-09,2023-09-21,gcrew,noaa_gefs,04,ShortwaveRadiation_Wm2,12,217.75
gep04,00,2023-09-09,2023-09-21,gcrew,noaa_gefs,04,WindSpeed_ms_mean,12,3.3514963749039914
gep04,00,2023-09-09,2023-09-22,gcrew,noaa_gefs,04,AirTemp_C_mean,13,23.03926239013674
gep04,00,2023-09-09,2023-09-22,gcrew,noaa_gefs,04,RH_percent_mean,13,61.35855007171631
gep04,00,2023-09-09,2023-09-22,gcrew,noaa_gefs,04,Rain_mm_sum,13,0
gep04,00,2023-09-09,2023-09-22,gcrew,noaa_gefs,04,ShortwaveRadiation_Wm2,13,219.75
gep04,00,2023-09-09,2023-09-22,gcrew,noaa_gefs,04,WindSpeed_ms_mean,13,1.8093905060696394
gep04,00,2023-09-09,2023-09-23,gcrew,noaa_gefs,04,AirTemp_C_mean,14,22.375588989257835
gep04,00,2023-09-09,2023-09-23,gcrew,noaa_gefs,04,RH_percent_mean,14,63.70778179168701
gep04,00,2023-09-09,2023-09-23,gcrew,noaa_gefs,04,Rain_mm_sum,14,0
gep04,00,2023-09-09,2023-09-23,gcrew,noaa_gefs,04,ShortwaveRadiation_Wm2,14,232
gep04,00,2023-09-09,2023-09-23,gcrew,noaa_gefs,04,WindSpeed_ms_mean,14,4.553198777918426
gep04,00,2023-09-09,2023-09-24,gcrew,noaa_gefs,04,AirTemp_C_mean,15,21.508035278320335
gep04,00,2023-09-09,2023-09-24,gcrew,noaa_gefs,04,RH_percent_mean,15,75.4688196182251
gep04,00,2023-09-09,2023-09-24,gcrew,noaa_gefs,04,Rain_mm_sum,15,0.20000000298023224
gep04,00,2023-09-09,2023-09-24,gcrew,noaa_gefs,04,ShortwaveRadiation_Wm2,15,161
gep04,00,2023-09-09,2023-09-24,gcrew,noaa_gefs,04,WindSpeed_ms_mean,15,5.2646868981549435
gep04,00,2023-09-09,2023-09-25,gcrew,noaa_gefs,04,AirTemp_C_mean,16,22.39338836669924
gep04,00,2023-09-09,2023-09-25,gcrew,noaa_gefs,04,RH_percent_mean,16,80.72414588928223
gep04,00,2023-09-09,2023-09-25,gcrew,noaa_gefs,04,Rain_mm_sum,16,0.700000025331974
gep04,00,2023-09-09,2023-09-25,gcrew,noaa_gefs,04,ShortwaveRadiation_Wm2,16,134.25
gep04,00,2023-09-09,2023-09-25,gcrew,noaa_gefs,04,WindSpeed_ms_mean,16,3.9959241047420417
gep04,00,2023-09-09,2023-09-26,gcrew,noaa_gefs,04,AirTemp_C_mean,17,21.122277832031273
gep04,00,2023-09-09,2023-09-26,gcrew,noaa_gefs,04,RH_percent_mean,17,91.78124618530273
gep04,00,2023-09-09,2023-09-26,gcrew,noaa_gefs,04,Rain_mm_sum,17,17.700000673532486
gep04,00,2023-09-09,2023-09-26,gcrew,noaa_gefs,04,ShortwaveRadiation_Wm2,17,71.75
gep04,00,2023-09-09,2023-09-26,gcrew,noaa_gefs,04,WindSpeed_ms_mean,17,4.524560070543811
gep04,00,2023-09-09,2023-09-27,gcrew,noaa_gefs,04,AirTemp_C_mean,18,21.53302917480471
gep04,00,2023-09-09,2023-09-27,gcrew,noaa_gefs,04,RH_percent_mean,18,94.12124061584473
gep04,00,2023-09-09,2023-09-27,gcrew,noaa_gefs,04,Rain_mm_sum,18,26.30000001192093
gep04,00,2023-09-09,2023-09-27,gcrew,noaa_gefs,04,ShortwaveRadiation_Wm2,18,45
gep04,00,2023-09-09,2023-09-27,gcrew,noaa_gefs,04,WindSpeed_ms_mean,18,3.4376454204120614
gep04,00,2023-09-09,2023-09-28,gcrew,noaa_gefs,04,AirTemp_C_mean,19,21.010675048828148
gep04,00,2023-09-09,2023-09-28,gcrew,noaa_gefs,04,RH_percent_mean,19,92.565582275390625
gep04,00,2023-09-09,2023-09-28,gcrew,noaa_gefs,04,Rain_mm_sum,19,16.90000021457672
gep04,00,2023-09-09,2023-09-28,gcrew,noaa_gefs,04,ShortwaveRadiation_Wm2,19,77
gep04,00,2023-09-09,2023-09-28,gcrew,noaa_gefs,04,WindSpeed_ms_mean,19,4.072877205063392
gep04,00,2023-09-09,2023-09-29,gcrew,noaa_gefs,04,AirTemp_C_mean,20,15.901658630371116
gep04,00,2023-09-09,2023-09-29,gcrew,noaa_gefs,04,RH_percent_mean,20,89.57869911193848
gep04,00,2023-09-09,2023-09-29,gcrew,noaa_gefs,04,Rain_mm_sum,20,13.20000046491623
gep04,00,2023-09-09,2023-09-29,gcrew,noaa_gefs,04,ShortwaveRadiation_Wm2,20,10
gep04,00,2023-09-09,2023-09-29,gcrew,noaa_gefs,04,WindSpeed_ms_mean,20,10.247166260311577
gep04,00,2023-09-09,2023-09-30,gcrew,noaa_gefs,04,AirTemp_C_mean,21,16.05395660400393
gep04,00,2023-09-09,2023-09-30,gcrew,noaa_gefs,04,RH_percent_mean,21,83.6533432006836
gep04,00,2023-09-09,2023-09-30,gcrew,noaa_gefs,04,Rain_mm_sum,21,2.200000062584877
gep04,00,2023-09-09,2023-09-30,gcrew,noaa_gefs,04,ShortwaveRadiation_Wm2,21,40.75
gep04,00,2023-09-09,2023-09-30,gcrew,noaa_gefs,04,WindSpeed_ms_mean,21,6.540632340833415
gep04,00,2023-09-09,2023-10-01,gcrew,noaa_gefs,04,AirTemp_C_mean,22,16.407647705078148
gep04,00,2023-09-09,2023-10-01,gcrew,noaa_gefs,04,RH_percent_mean,22,57.9601993560791
gep04,00,2023-09-09,2023-10-01,gcrew,noaa_gefs,04,Rain_mm_sum,22,0
gep04,00,2023-09-09,2023-10-01,gcrew,noaa_gefs,04,ShortwaveRadiation_Wm2,22,211.75
gep04,00,2023-09-09,2023-10-01,gcrew,noaa_gefs,04,WindSpeed_ms_mean,22,5.751839360697048
gep04,00,2023-09-09,2023-10-02,gcrew,noaa_gefs,04,AirTemp_C_mean,23,14.778672790527366
gep04,00,2023-09-09,2023-10-02,gcrew,noaa_gefs,04,RH_percent_mean,23,52.730899810791016
gep04,00,2023-09-09,2023-10-02,gcrew,noaa_gefs,04,Rain_mm_sum,23,0
gep04,00,2023-09-09,2023-10-02,gcrew,noaa_gefs,04,ShortwaveRadiation_Wm2,23,213
gep04,00,2023-09-09,2023-10-02,gcrew,noaa_gefs,04,WindSpeed_ms_mean,23,2.8789626857426764
gep04,00,2023-09-09,2023-10-03,gcrew,noaa_gefs,04,AirTemp_C_mean,24,19.176812744140648
gep04,00,2023-09-09,2023-10-03,gcrew,noaa_gefs,04,RH_percent_mean,24,79.48908996582031
gep04,00,2023-09-09,2023-10-03,gcrew,noaa_gefs,04,Rain_mm_sum,24,0
gep04,00,2023-09-09,2023-10-03,gcrew,noaa_gefs,04,ShortwaveRadiation_Wm2,24,204.5
gep04,00,2023-09-09,2023-10-03,gcrew,noaa_gefs,04,WindSpeed_ms_mean,24,2.91516139807672
gep04,00,2023-09-09,2023-10-04,gcrew,noaa_gefs,04,AirTemp_C_mean,25,22.34058532714846
gep04,00,2023-09-09,2023-10-04,gcrew,noaa_gefs,04,RH_percent_mean,25,75.36294078826904
gep04,00,2023-09-09,2023-10-04,gcrew,noaa_gefs,04,Rain_mm_sum,25,0
gep04,00,2023-09-09,2023-10-04,gcrew,noaa_gefs,04,ShortwaveRadiation_Wm2,25,210.75
gep04,00,2023-09-09,2023-10-04,gcrew,noaa_gefs,04,WindSpeed_ms_mean,25,2.9960568170531348
gep04,00,2023-09-09,2023-10-05,gcrew,noaa_gefs,04,AirTemp_C_mean,26,21.978173828125023
gep04,00,2023-09-09,2023-10-05,gcrew,noaa_gefs,04,RH_percent_mean,26,62.96555137634277
gep04,00,2023-09-09,2023-10-05,gcrew,noaa_gefs,04,Rain_mm_sum,26,0.30000000447034836
gep04,00,2023-09-09,2023-10-05,gcrew,noaa_gefs,04,ShortwaveRadiation_Wm2,26,181
gep04,00,2023-09-09,2023-10-05,gcrew,noaa_gefs,04,WindSpeed_ms_mean,26,5.094556622266271
gep04,00,2023-09-09,2023-10-06,gcrew,noaa_gefs,04,AirTemp_C_mean,27,17.76600799560549
gep04,00,2023-09-09,2023-10-06,gcrew,noaa_gefs,04,RH_percent_mean,27,66.44743537902832
gep04,00,2023-09-09,2023-10-06,gcrew,noaa_gefs,04,Rain_mm_sum,27,0
gep04,00,2023-09-09,2023-10-06,gcrew,noaa_gefs,04,ShortwaveRadiation_Wm2,27,141
gep04,00,2023-09-09,2023-10-06,gcrew,noaa_gefs,04,WindSpeed_ms_mean,27,4.729005513864134
gep04,00,2023-09-09,2023-10-07,gcrew,noaa_gefs,04,AirTemp_C_mean,28,16.294488525390648
gep04,00,2023-09-09,2023-10-07,gcrew,noaa_gefs,04,RH_percent_mean,28,53.386996269226074
gep04,00,2023-09-09,2023-10-07,gcrew,noaa_gefs,04,Rain_mm_sum,28,0
gep04,00,2023-09-09,2023-10-07,gcrew,noaa_gefs,04,ShortwaveRadiation_Wm2,28,189.75
gep04,00,2023-09-09,2023-10-07,gcrew,noaa_gefs,04,WindSpeed_ms_mean,28,3.770817246533188
gep04,00,2023-09-09,2023-10-08,gcrew,noaa_gefs,04,AirTemp_C_mean,29,16.038568115234398
gep04,00,2023-09-09,2023-10-08,gcrew,noaa_gefs,04,RH_percent_mean,29,62.47337341308594
gep04,00,2023-09-09,2023-10-08,gcrew,noaa_gefs,04,Rain_mm_sum,29,0
gep04,00,2023-09-09,2023-10-08,gcrew,noaa_gefs,04,ShortwaveRadiation_Wm2,29,182
gep04,00,2023-09-09,2023-10-08,gcrew,noaa_gefs,04,WindSpeed_ms_mean,29,4.436974656013027
gep04,00,2023-09-09,2023-10-09,gcrew,noaa_gefs,04,AirTemp_C_mean,30,18.04213104248049
gep04,00,2023-09-09,2023-10-09,gcrew,noaa_gefs,04,RH_percent_mean,30,64.63348579406738
gep04,00,2023-09-09,2023-10-09,gcrew,noaa_gefs,04,Rain_mm_sum,30,0.10000000149011612
gep04,00,2023-09-09,2023-10-09,gcrew,noaa_gefs,04,ShortwaveRadiation_Wm2,30,180.5
gep04,00,2023-09-09,2023-10-09,gcrew,noaa_gefs,04,WindSpeed_ms_mean,30,7.391516267652271
gep04,00,2023-09-09,2023-10-10,gcrew,noaa_gefs,04,AirTemp_C_mean,31,10.97205505371096
gep04,00,2023-09-09,2023-10-10,gcrew,noaa_gefs,04,RH_percent_mean,31,45.596985816955566
gep04,00,2023-09-09,2023-10-10,gcrew,noaa_gefs,04,Rain_mm_sum,31,0
gep04,00,2023-09-09,2023-10-10,gcrew,noaa_gefs,04,ShortwaveRadiation_Wm2,31,209.25
gep04,00,2023-09-09,2023-10-10,gcrew,noaa_gefs,04,WindSpeed_ms_mean,31,4.847591688904462
gep04,00,2023-09-09,2023-10-11,gcrew,noaa_gefs,04,AirTemp_C_mean,32,13.605989074707054
gep04,00,2023-09-09,2023-10-11,gcrew,noaa_gefs,04,RH_percent_mean,32,67.84227752685547
gep04,00,2023-09-09,2023-10-11,gcrew,noaa_gefs,04,Rain_mm_sum,32,0.10000000149011612
gep04,00,2023-09-09,2023-10-11,gcrew,noaa_gefs,04,ShortwaveRadiation_Wm2,32,119
gep04,00,2023-09-09,2023-10-11,gcrew,noaa_gefs,04,WindSpeed_ms_mean,32,4.346613717382562
gep04,00,2023-09-09,2023-10-12,gcrew,noaa_gefs,04,AirTemp_C_mean,33,20.219476318359398
gep04,00,2023-09-09,2023-10-12,gcrew,noaa_gefs,04,RH_percent_mean,33,86.41911506652832
gep04,00,2023-09-09,2023-10-12,gcrew,noaa_gefs,04,Rain_mm_sum,33,0.10000000149011612
gep04,00,2023-09-09,2023-10-12,gcrew,noaa_gefs,04,ShortwaveRadiation_Wm2,33,121
gep04,00,2023-09-09,2023-10-12,gcrew,noaa_gefs,04,WindSpeed_ms_mean,33,6.458461832002699
gep04,00,2023-09-09,2023-10-13,gcrew,noaa_gefs,04,AirTemp_C_mean,34,21.163812255859398
gep04,00,2023-09-09,2023-10-13,gcrew,noaa_gefs,04,RH_percent_mean,34,83.2275333404541
gep04,00,2023-09-09,2023-10-13,gcrew,noaa_gefs,04,Rain_mm_sum,34,26.900000289082527
gep04,00,2023-09-09,2023-10-13,gcrew,noaa_gefs,04,ShortwaveRadiation_Wm2,34,84.75
gep04,00,2023-09-09,2023-10-13,gcrew,noaa_gefs,04,WindSpeed_ms_mean,34,7.309394128531857
gep04,00,2023-09-09,2023-10-14,gcrew,noaa_gefs,04,AirTemp_C_mean,35,17.296502685546898
gep04,00,2023-09-09,2023-10-14,gcrew,noaa_gefs,04,RH_percent_mean,35,54.04242706298828
gep04,00,2023-09-09,2023-10-14,gcrew,noaa_gefs,04,Rain_mm_sum,35,0
gep04,00,2023-09-09,2023-10-14,gcrew,noaa_gefs,04,ShortwaveRadiation_Wm2,35,247
gep04,00,2023-09-09,2023-10-14,gcrew,noaa_gefs,04,WindSpeed_ms_mean,35,7.0066434777233235
gep05,00,2023-09-09,2023-09-09,gcrew,noaa_gefs,05,AirTemp_C_mean,0,24.57565133231029
gep05,00,2023-09-09,2023-09-09,gcrew,noaa_gefs,05,RH_percent_mean,0,81.28700474330357
gep05,00,2023-09-09,2023-09-09,gcrew,noaa_gefs,05,Rain_mm_sum,0,9.989999949932098
gep05,00,2023-09-09,2023-09-09,gcrew,noaa_gefs,05,ShortwaveRadiation_Wm2,0,208.42857142857142
gep05,00,2023-09-09,2023-09-09,gcrew,noaa_gefs,05,WindSpeed_ms_mean,0,2.244640159790602
gep05,00,2023-09-09,2023-09-10,gcrew,noaa_gefs,05,AirTemp_C_mean,1,23.364217376709007
gep05,00,2023-09-09,2023-09-10,gcrew,noaa_gefs,05,RH_percent_mean,1,79.58796691894531
gep05,00,2023-09-09,2023-09-10,gcrew,noaa_gefs,05,Rain_mm_sum,1,2.1700000278651714
gep05,00,2023-09-09,2023-09-10,gcrew,noaa_gefs,05,ShortwaveRadiation_Wm2,1,106
gep05,00,2023-09-09,2023-09-10,gcrew,noaa_gefs,05,WindSpeed_ms_mean,1,2.0001020501904465
gep05,00,2023-09-09,2023-09-11,gcrew,noaa_gefs,05,AirTemp_C_mean,2,23.99094161987307
gep05,00,2023-09-09,2023-09-11,gcrew,noaa_gefs,05,RH_percent_mean,2,76.6868748664856
gep05,00,2023-09-09,2023-09-11,gcrew,noaa_gefs,05,Rain_mm_sum,2,14.520000278949738
gep05,00,2023-09-09,2023-09-11,gcrew,noaa_gefs,05,ShortwaveRadiation_Wm2,2,236.125
gep05,00,2023-09-09,2023-09-11,gcrew,noaa_gefs,05,WindSpeed_ms_mean,2,1.2761169694246208
gep05,00,2023-09-09,2023-09-12,gcrew,noaa_gefs,05,AirTemp_C_mean,3,24.883412933349632
gep05,00,2023-09-09,2023-09-12,gcrew,noaa_gefs,05,RH_percent_mean,3,71.71621131896973
gep05,00,2023-09-09,2023-09-12,gcrew,noaa_gefs,05,Rain_mm_sum,3,5.510000050067902
gep05,00,2023-09-09,2023-09-12,gcrew,noaa_gefs,05,ShortwaveRadiation_Wm2,3,235.5
gep05,00,2023-09-09,2023-09-12,gcrew,noaa_gefs,05,WindSpeed_ms_mean,3,2.631870711383254
gep05,00,2023-09-09,2023-09-13,gcrew,noaa_gefs,05,AirTemp_C_mean,4,22.81793365478518
gep05,00,2023-09-09,2023-09-13,gcrew,noaa_gefs,05,RH_percent_mean,4,73.45065355300903
gep05,00,2023-09-09,2023-09-13,gcrew,noaa_gefs,05,Rain_mm_sum,4,13.47999992966652
gep05,00,2023-09-09,2023-09-13,gcrew,noaa_gefs,05,ShortwaveRadiation_Wm2,4,134.25
gep05,00,2023-09-09,2023-09-13,gcrew,noaa_gefs,05,WindSpeed_ms_mean,4,3.913124752342366
gep05,00,2023-09-09,2023-09-14,gcrew,noaa_gefs,05,AirTemp_C_mean,5,21.205693817138695
gep05,00,2023-09-09,2023-09-14,gcrew,noaa_gefs,05,RH_percent_mean,5,50.70257902145386
gep05,00,2023-09-09,2023-09-14,gcrew,noaa_gefs,05,Rain_mm_sum,5,0.20000000298023224
gep05,00,2023-09-09,2023-09-14,gcrew,noaa_gefs,05,ShortwaveRadiation_Wm2,5,266.875
gep05,00,2023-09-09,2023-09-14,gcrew,noaa_gefs,05,WindSpeed_ms_mean,5,3.7478175500416757
gep05,00,2023-09-09,2023-09-15,gcrew,noaa_gefs,05,AirTemp_C_mean,6,20.683343505859398
gep05,00,2023-09-09,2023-09-15,gcrew,noaa_gefs,05,RH_percent_mean,6,51.90177011489868
gep05,00,2023-09-09,2023-09-15,gcrew,noaa_gefs,05,Rain_mm_sum,6,0
gep05,00,2023-09-09,2023-09-15,gcrew,noaa_gefs,05,ShortwaveRadiation_Wm2,6,267.125
gep05,00,2023-09-09,2023-09-15,gcrew,noaa_gefs,05,WindSpeed_ms_mean,6,4.967512346372693
gep05,00,2023-09-09,2023-09-16,gcrew,noaa_gefs,05,AirTemp_C_mean,7,21.02536544799807
gep05,00,2023-09-09,2023-09-16,gcrew,noaa_gefs,05,RH_percent_mean,7,53.187461853027344
gep05,00,2023-09-09,2023-09-16,gcrew,noaa_gefs,05,Rain_mm_sum,7,0
gep05,00,2023-09-09,2023-09-16,gcrew,noaa_gefs,05,ShortwaveRadiation_Wm2,7,267.25
gep05,00,2023-09-09,2023-09-16,gcrew,noaa_gefs,05,WindSpeed_ms_mean,7,4.777442492071275
gep05,00,2023-09-09,2023-09-17,gcrew,noaa_gefs,05,AirTemp_C_mean,8,21.546594238281273
gep05,00,2023-09-09,2023-09-17,gcrew,noaa_gefs,05,RH_percent_mean,8,53.33281660079956
gep05,00,2023-09-09,2023-09-17,gcrew,noaa_gefs,05,Rain_mm_sum,8,0
gep05,00,2023-09-09,2023-09-17,gcrew,noaa_gefs,05,ShortwaveRadiation_Wm2,8,259.625
gep05,00,2023-09-09,2023-09-17,gcrew,noaa_gefs,05,WindSpeed_ms_mean,8,1.228218844842356
gep05,00,2023-09-09,2023-09-18,gcrew,noaa_gefs,05,AirTemp_C_mean,9,22.745000457763695
gep05,00,2023-09-09,2023-09-18,gcrew,noaa_gefs,05,RH_percent_mean,9,58.80604076385498
gep05,00,2023-09-09,2023-09-18,gcrew,noaa_gefs,05,Rain_mm_sum,9,0.12000000104308128
gep05,00,2023-09-09,2023-09-18,gcrew,noaa_gefs,05,ShortwaveRadiation_Wm2,9,171.375
gep05,00,2023-09-09,2023-09-18,gcrew,noaa_gefs,05,WindSpeed_ms_mean,9,3.6700750408084533
gep05,00,2023-09-09,2023-09-19,gcrew,noaa_gefs,05,AirTemp_C_mean,10,21.85382232666018
gep05,00,2023-09-09,2023-09-19,gcrew,noaa_gefs,05,RH_percent_mean,10,51.910043716430664
gep05,00,2023-09-09,2023-09-19,gcrew,noaa_gefs,05,Rain_mm_sum,10,0
gep05,00,2023-09-09,2023-09-19,gcrew,noaa_gefs,05,ShortwaveRadiation_Wm2,10,222.75
gep05,00,2023-09-09,2023-09-19,gcrew,noaa_gefs,05,WindSpeed_ms_mean,10,4.17428520665981
gep05,00,2023-09-09,2023-09-20,gcrew,noaa_gefs,05,AirTemp_C_mean,11,20.50086364746096
gep05,00,2023-09-09,2023-09-20,gcrew,noaa_gefs,05,RH_percent_mean,11,56.514787673950195
gep05,00,2023-09-09,2023-09-20,gcrew,noaa_gefs,05,Rain_mm_sum,11,0
gep05,00,2023-09-09,2023-09-20,gcrew,noaa_gefs,05,ShortwaveRadiation_Wm2,11,223.75
gep05,00,2023-09-09,2023-09-20,gcrew,noaa_gefs,05,WindSpeed_ms_mean,11,3.8783071905583006
gep05,00,2023-09-09,2023-09-21,gcrew,noaa_gefs,05,AirTemp_C_mean,12,21.212396240234398
gep05,00,2023-09-09,2023-09-21,gcrew,noaa_gefs,05,RH_percent_mean,12,57.83141326904297
gep05,00,2023-09-09,2023-09-21,gcrew,noaa_gefs,05,Rain_mm_sum,12,0
gep05,00,2023-09-09,2023-09-21,gcrew,noaa_gefs,05,ShortwaveRadiation_Wm2,12,217.75
gep05,00,2023-09-09,2023-09-21,gcrew,noaa_gefs,05,WindSpeed_ms_mean,12,3.3514963749039914
gep05,00,2023-09-09,2023-09-22,gcrew,noaa_gefs,05,AirTemp_C_mean,13,23.03926239013674
gep05,00,2023-09-09,2023-09-22,gcrew,noaa_gefs,05,RH_percent_mean,13,61.35855007171631
gep05,00,2023-09-09,2023-09-22,gcrew,noaa_gefs,05,Rain_mm_sum,13,0
gep05,00,2023-09-09,2023-09-22,gcrew,noaa_gefs,05,ShortwaveRadiation_Wm2,13,219.75
gep05,00,2023-09-09,2023-09-22,gcrew,noaa_gefs,05,WindSpeed_ms_mean,13,1.8093905060696394
gep05,00,2023-09-09,2023-09-23,gcrew,noaa_gefs,05,AirTemp_C_mean,14,22.375588989257835
gep05,00,2023-09-09,2023-09-23,gcrew,noaa_gefs,05,RH_percent_mean,14,63.70778179168701
gep05,00,2023-09-09,2023-09-23,gcrew,noaa_gefs,05,Rain_mm_sum,14,0
gep05,00,2023-09-09,2023-09-23,gcrew,noaa_gefs,05,ShortwaveRadiation_Wm2,14,232
gep05,00,2023-09-09,2023-09-23,gcrew,noaa_gefs,05,WindSpeed_ms_mean,14,4.553198777918426
gep05,00,2023-09-09,2023-09-24,gcrew,noaa_gefs,05,AirTemp_C_mean,15,21.508035278320335
gep05,00,2023-09-09,2023-09-24,gcrew,noaa_gefs,05,RH_percent_mean,15,75.4688196182251
gep05,00,2023-09-09,2023-09-24,gcrew,noaa_gefs,05,Rain_mm_sum,15,0.20000000298023224
gep05,00,2023-09-09,2023-09-24,gcrew,noaa_gefs,05,ShortwaveRadiation_Wm2,15,161
gep05,00,2023-09-09,2023-09-24,gcrew,noaa_gefs,05,WindSpeed_ms_mean,15,5.2646868981549435
gep05,00,2023-09-09,2023-09-25,gcrew,noaa_gefs,05,AirTemp_C_mean,16,22.39338836669924
gep05,00,2023-09-09,2023-09-25,gcrew,noaa_gefs,05,RH_percent_mean,16,80.72414588928223
gep05,00,2023-09-09,2023-09-25,gcrew,noaa_gefs,05,Rain_mm_sum,16,0.700000025331974
gep05,00,2023-09-09,2023-09-25,gcrew,noaa_gefs,05,ShortwaveRadiation_Wm2,16,134.25
gep05,00,2023-09-09,2023-09-25,gcrew,noaa_gefs,05,WindSpeed_ms_mean,16,3.9959241047420417
gep05,00,2023-09-09,2023-09-26,gcrew,noaa_gefs,05,AirTemp_C_mean,17,21.122277832031273
gep05,00,2023-09-09,2023-09-26,gcrew,noaa_gefs,05,RH_percent_mean,17,91.78124618530273
gep05,00,2023-09-09,2023-09-26,gcrew,noaa_gefs,05,Rain_mm_sum,17,17.700000673532486
gep05,00,2023-09-09,2023-09-26,gcrew,noaa_gefs,05,ShortwaveRadiation_Wm2,17,71.75
gep05,00,2023-09-09,2023-09-26,gcrew,noaa_gefs,05,WindSpeed_ms_mean,17,4.524560070543811
gep05,00,2023-09-09,2023-09-27,gcrew,noaa_gefs,05,AirTemp_C_mean,18,21.53302917480471
gep05,00,2023-09-09,2023-09-27,gcrew,noaa_gefs,05,RH_percent_mean,18,94.12124061584473
gep05,00,2023-09-09,2023-09-27,gcrew,noaa_gefs,05,Rain_mm_sum,18,26.30000001192093
gep05,00,2023-09-09,2023-09-27,gcrew,noaa_gefs,05,ShortwaveRadiation_Wm2,18,45
gep05,00,2023-09-09,2023-09-27,gcrew,noaa_gefs,05,WindSpeed_ms_mean,18,3.4376454204120614
gep05,00,2023-09-09,2023-09-28,gcrew,noaa_gefs,05,AirTemp_C_mean,19,21.010675048828148
gep05,00,2023-09-09,2023-09-28,gcrew,noaa_gefs,05,RH_percent_mean,19,92.565582275390625
gep05,00,2023-09-09,2023-09-28,gcrew,noaa_gefs,05,Rain_mm_sum,19,16.90000021457672
gep05,00,2023-09-09,2023-09-28,gcrew,noaa_gefs,05,ShortwaveRadiation_Wm2,19,77
gep05,00,2023-09-09,2023-09-28,gcrew,noaa_gefs,05,WindSpeed_ms_mean,19,4.072877205063392
gep05,00,2023-09-09,2023-09-29,gcrew,noaa_gefs,05,AirTemp_C_mean,20,15.901658630371116
gep05,00,2023-09-09,2023-09-29,gcrew,noaa_gefs,05,RH_percent_mean,20,89.57869911193848
gep05,00,2023-09-09,2023-09-29,gcrew,noaa_gefs,05,Rain_mm_sum,20,13.20000046491623
gep05,00,2023-09-09,2023-09-29,gcrew,noaa_gefs,05,ShortwaveRadiation_Wm2,20,10
gep05,00,2023-09-09,2023-09-29,gcrew,noaa_gefs,05,WindSpeed_ms_mean,20,10.247166260311577
gep05,00,2023-09-09,2023-09-30,gcrew,noaa_gefs,05,AirTemp_C_mean,21,16.05395660400393
gep05,00,2023-09-09,2023-09-30,gcrew,noaa_gefs,05,RH_percent_mean,21,83.6533432006836
gep05,00,2023-09-09,2023-09-30,gcrew,noaa_gefs,05,Rain_mm_sum,21,2.200000062584877
gep05,00,2023-09-09,2023-09-30,gcrew,noaa_gefs,05,ShortwaveRadiation_Wm2,21,40.75
gep05,00,2023-09-09,2023-09-30,gcrew,noaa_gefs,05,WindSpeed_ms_mean,21,6.540632340833415
gep05,00,2023-09-09,2023-10-01,gcrew,noaa_gefs,05,AirTemp_C_mean,22,16.407647705078148
gep05,00,2023-09-09,2023-10-01,gcrew,noaa_gefs,05,RH_percent_mean,22,57.9601993560791
gep05,00,2023-09-09,2023-10-01,gcrew,noaa_gefs,05,Rain_mm_sum,22,0
gep05,00,2023-09-09,2023-10-01,gcrew,noaa_gefs,05,ShortwaveRadiation_Wm2,22,211.75
gep05,00,2023-09-09,2023-10-01,gcrew,noaa_gefs,05,WindSpeed_ms_mean,22,5.751839360697048
gep05,00,2023-09-09,2023-10-02,gcrew,noaa_gefs,05,AirTemp_C_mean,23,14.778672790527366
gep05,00,2023-09-09,2023-10-02,gcrew,noaa_gefs,05,RH_percent_mean,23,52.730899810791016
gep05,00,2023-09-09,2023-10-02,gcrew,noaa_gefs,05,Rain_mm_sum,23,0
gep05,00,2023-09-09,2023-10-02,gcrew,noaa_gefs,05,ShortwaveRadiation_Wm2,23,213
gep05,00,2023-09-09,2023-10-02,gcrew,noaa_gefs,05,WindSpeed_ms_mean,23,2.8789626857426764
gep05,00,2023-09-09,2023-10-03,gcrew,noaa_gefs,05,AirTemp_C_mean,24,19.176812744140648
gep05,00,2023-09-09,2023-10-03,gcrew,noaa_gefs,05,RH_percent_mean,24,79.48908996582031
gep05,00,2023-09-09,2023-10-03,gcrew,noaa_gefs,05,Rain_mm_sum,24,0
gep05,00,2023-09-09,2023-10-03,gcrew,noaa_gefs,05,ShortwaveRadiation_Wm2,24,204.5
gep05,00,2023-09-09,2023-10-03,gcrew,noaa_gefs,05,WindSpeed_ms_mean,24,2.91516139807672
gep05,00,2023-09-09,2023-10-04,gcrew,noaa_gefs,05,AirTemp_C_mean,25,22.34058532714846
gep05,00,2023-09-09,2023-10-04,gcrew,noaa_gefs,05,RH_percent_mean,25,75.36294078826904
gep05,00,2023-09-09,2023-10-04,gcrew,noaa_gefs,05,Rain_mm_sum,25,0
gep05,00,2023-09-09,2023-10-04,gcrew,noaa_gefs,05,ShortwaveRadiation_Wm2,25,210.75
gep05,00,2023-09-09,2023-10-04,gcrew,noaa_gefs,05,WindSpeed_ms_mean,25,2.9960568170531348
gep05,00,2023-09-09,2023-10-05,gcrew,noaa_gefs,05,AirTemp_C_mean,26,21.978173828125023
gep05,00,2023-09-09,2023-10-05,gcrew,noaa_gefs,05,RH_percent_mean,26,62.96555137634277
gep05,00,2023-09-09,2023-10-05,gcrew,noaa_gefs,05,Rain_mm_sum,26,0.30000000447034836
gep05,00,2023-09-09,2023-10-05,gcrew,noaa_gefs,05,ShortwaveRadiation_Wm2,26,181
gep05,00,2023-09-09,2023-10-05,gcrew,noaa_gefs,05,WindSpeed_ms_mean,26,5.094556622266271
gep05,00,2023-09-09,2023-10-06,gcrew,noaa_gefs,05,AirTemp_C_mean,27,17.76600799560549
gep05,00,2023-09-09,2023-10-06,gcrew,noaa_gefs,05,RH_percent_mean,27,66.44743537902832
gep05,00,2023-09-09,2023-10-06,gcrew,noaa_gefs,05,Rain_mm_sum,27,0
gep05,00,2023-09-09,2023-10-06,gcrew,noaa_gefs,05,ShortwaveRadiation_Wm2,27,141
gep05,00,2023-09-09,2023-10-06,gcrew,noaa_gefs,05,WindSpeed_ms_mean,27,4.729005513864134
gep05,00,2023-09-09,2023-10-07,gcrew,noaa_gefs,05,AirTemp_C_mean,28,16.294488525390648
gep05,00,2023-09-09,2023-10-07,gcrew,noaa_gefs,05,RH_percent_mean,28,53.386996269226074
gep05,00,2023-09-09,2023-10-07,gcrew,noaa_gefs,05,Rain_mm_sum,28,0
gep05,00,2023-09-09,2023-10-07,gcrew,noaa_gefs,05,ShortwaveRadiation_Wm2,28,189.75
gep05,00,2023-09-09,2023-10-07,gcrew,noaa_gefs,05,WindSpeed_ms_mean,28,3.770817246533188
gep05,00,2023-09-09,2023-10-08,gcrew,noaa_gefs,05,AirTemp_C_mean,29,16.038568115234398
gep05,00,2023-09-09,2023-10-08,gcrew,noaa_gefs,05,RH_percent_mean,29,62.47337341308594
gep05,00,2023-09-09,2023-10-08,gcrew,noaa_gefs,05,Rain_mm_sum,29,0
gep05,00,2023-09-09,2023-10-08,gcrew,noaa_gefs,05,ShortwaveRadiation_Wm2,29,182
gep05,00,2023-09-09,2023-10-08,gcrew,noaa_gefs,05,WindSpeed_ms_mean,29,4.436974656013027
gep05,00,2023-09-09,2023-10-09,gcrew,noaa_gefs,05,AirTemp_C_mean,30,18.04213104248049
gep05,00,2023-09-09,2023-10-09,gcrew,noaa_gefs,05,RH_percent_mean,30,64.63348579406738
gep05,00,2023-09-09,2023-10-09,gcrew,noaa_gefs,05,Rain_mm_sum,30,0.10000000149011612
gep05,00,2023-09-09,2023-10-09,gcrew,noaa_gefs,05,ShortwaveRadiation_Wm2,30,180.5
gep05,00,2023-09-09,2023-10-09,gcrew,noaa_gefs,05,WindSpeed_ms_mean,30,7.391516267652271
gep05,00,2023-09-09,2023-10-10,gcrew,noaa_gefs,05,AirTemp_C_mean,31,10.97205505371096
gep05,00,2023-09-09,2023-10-10,gcrew,noaa_gefs,05,RH_percent_mean,31,45.596985816955566
gep05,00,2023-09-09,2023-10-10,gcrew,noaa_gefs,05,Rain_mm_sum,31,0
gep05,00,2023-09-09,2023-10-10,gcrew,noaa_gefs,05,ShortwaveRadiation_Wm2,31,209.25
gep05,00,2023-09-09,2023-10-10,gcrew,noaa_gefs,05,WindSpeed_ms_mean,31,4.847591688904462
gep05,00,2023-09-09,2023-10-11,gcrew,noaa_gefs,05,AirTemp_C_mean,32,13.605989074707054
gep05,00,2023-09-09,2023-10-11,gcrew,noaa_gefs,05,RH_percent_mean,32,67.84227752685547
gep05,00,2023-09-09,2023-10-11,gcrew,noaa_gefs,05,Rain_mm_sum,32,0.10000000149011612
gep05,00,2023-09-09,2023-10-11,gcrew,noaa_gefs,05,ShortwaveRadiation_Wm2,32,119
gep05,00,2023-09-09,2023-10-11,gcrew,noaa_gefs,05,WindSpeed_ms_mean,32,4.346613717382562
gep05,00,2023-09-09,2023-10-12,gcrew,noaa_gefs,05,AirTemp_C_mean,33,20.219476318359398
gep05,00,2023-09-09,2023-10-12,gcrew,noaa_gefs,05,RH_percent_mean,33,86.41911506652832
gep05,00,2023-09-09,2023-10-12,gcrew,noaa_gefs,05,Rain_mm_sum,33,0.10000000149011612
gep05,00,2023-09-09,2023-10-12,gcrew,noaa_gefs,05,ShortwaveRadiation_Wm2,33,121
gep05,00,2023-09-09,2023-10-12,gcrew,noaa_gefs,05,WindSpeed_ms_mean,33,6.458461832002699
gep05,00,2023-09-09,2023-10-13,gcrew,noaa_gefs,05,AirTemp_C_mean,34,21.163812255859398
gep05,00,2023-09-09,2023-10-13,gcrew,noaa_gefs,05,RH_percent_mean,34,83.2275333404541
gep05,00,2023-09-09,2023-10-13,gcrew,noaa_gefs,05,Rain_mm_sum,34,26.900000289082527
gep05,00,2023-09-09,2023-10-13,gcrew,noaa_gefs,05,ShortwaveRadiation_Wm2,34,84.75
gep05,00,2023-09-09,2023-10-13,gcrew,noaa_gefs,05,WindSpeed_ms_mean,34,7.309394128531857
gep05,00,2023-09-09,2023-10-14,gcrew,noaa_gefs,05,AirTemp_C_mean,35,17.296502685546898
gep05,00,2023-09-09,2023-10-14,gcrew,noaa_gefs,05,RH_percent_mean,35,54.04242706298828
gep05,00,2023-09-09,2023-10-14,gcrew,noaa_gefs,05,Rain_mm_sum,35,0
gep05,00,2023-09-09,2023-10-14,gcrew,noaa_gefs,05,ShortwaveRadiation_Wm2,35,247
gep05,00,2023-09-09,2023-10-14,gcrew,noaa_gefs,05,WindSpeed_ms_mean,35,7.0066434777233235
gep06,00,2023-09-09,2023-09-09,gcrew,noaa_gefs,06,AirTemp_C_mean,0,24.57565133231029
gep06,00,2023-09-09,2023-09-09,gcrew,noaa_gefs,06,RH_percent_mean,0,81.28700474330357
gep06,00,2023-09-09,2023-09-09,gcrew,noaa_gefs,06,Rain_mm_sum,0,9.989999949932098
gep06,00,2023-09-09,2023-09-09,gcrew,noaa_gefs,06,ShortwaveRadiation_Wm2,0,208.42857142857142
gep06,00,2023-09-09,2023-09-09,gcrew,noaa_gefs,06,WindSpeed_ms_mean,0,2.244640159790602
gep06,00,2023-09-09,2023-09-10,gcrew,noaa_gefs,06,AirTemp_C_mean,1,23.364217376709007
gep06,00,2023-09-09,2023-09-10,gcrew,noaa_gefs,06,RH_percent_mean,1,79.58796691894531
gep06,00,2023-09-09,2023-09-10,gcrew,noaa_gefs,06,Rain_mm_sum,1,2.1700000278651714
gep06,00,2023-09-09,2023-09-10,gcrew,noaa_gefs,06,ShortwaveRadiation_Wm2,1,106
gep06,00,2023-09-09,2023-09-10,gcrew,noaa_gefs,06,WindSpeed_ms_mean,1,2.0001020501904465
gep06,00,2023-09-09,2023-09-11,gcrew,noaa_gefs,06,AirTemp_C_mean,2,23.99094161987307
gep06,00,2023-09-09,2023-09-11,gcrew,noaa_gefs,06,RH_percent_mean,2,76.6868748664856
gep06,00,2023-09-09,2023-09-11,gcrew,noaa_gefs,06,Rain_mm_sum,2,14.520000278949738
gep06,00,2023-09-09,2023-09-11,gcrew,noaa_gefs,06,ShortwaveRadiation_Wm2,2,236.125
gep06,00,2023-09-09,2023-09-11,gcrew,noaa_gefs,06,WindSpeed_ms_mean,2,1.2761169694246208
gep06,00,2023-09-09,2023-09-12,gcrew,noaa_gefs,06,AirTemp_C_mean,3,24.883412933349632
gep06,00,2023-09-09,2023-09-12,gcrew,noaa_gefs,06,RH_percent_mean,3,71.71621131896973
gep06,00,2023-09-09,2023-09-12,gcrew,noaa_gefs,06,Rain_mm_sum,3,5.510000050067902
gep06,00,2023-09-09,2023-09-12,gcrew,noaa_gefs,06,ShortwaveRadiation_Wm2,3,235.5
gep06,00,2023-09-09,2023-09-12,gcrew,noaa_gefs,06,WindSpeed_ms_mean,3,2.631870711383254
gep06,00,2023-09-09,2023-09-13,gcrew,noaa_gefs,06,AirTemp_C_mean,4,22.81793365478518
gep06,00,2023-09-09,2023-09-13,gcrew,noaa_gefs,06,RH_percent_mean,4,73.45065355300903
gep06,00,2023-09-09,2023-09-13,gcrew,noaa_gefs,06,Rain_mm_sum,4,13.47999992966652
gep06,00,2023-09-09,2023-09-13,gcrew,noaa_gefs,06,ShortwaveRadiation_Wm2,4,134.25
gep06,00,2023-09-09,2023-09-13,gcrew,noaa_gefs,06,WindSpeed_ms_mean,4,3.913124752342366
gep06,00,2023-09-09,2023-09-14,gcrew,noaa_gefs,06,AirTemp_C_mean,5,21.205693817138695
gep06,00,2023-09-09,2023-09-14,gcrew,noaa_gefs,06,RH_percent_mean,5,50.70257902145386
gep06,00,2023-09-09,2023-09-14,gcrew,noaa_gefs,06,Rain_mm_sum,5,0.20000000298023224
gep06,00,2023-09-09,2023-09-14,gcrew,noaa_gefs,06,ShortwaveRadiation_Wm2,5,266.875
gep06,00,2023-09-09,2023-09-14,gcrew,noaa_gefs,06,WindSpeed_ms_mean,5,3.7478175500416757
gep06,00,2023-09-09,2023-09-15,gcrew,noaa_gefs,06,AirTemp_C_mean,6,20.683343505859398
gep06,00,2023-09-09,2023-09-15,gcrew,noaa_gefs,06,RH_percent_mean,6,51.90177011489868
gep06,00,2023-09-09,2023-09-15,gcrew,noaa_gefs,06,Rain_mm_sum,6,0
gep06,00,2023-09-09,2023-09-15,gcrew,noaa_gefs,06,ShortwaveRadiation_Wm2,6,267.125
gep06,00,2023-09-09,2023-09-15,gcrew,noaa_gefs,06,WindSpeed_ms_mean,6,4.967512346372693
gep06,00,2023-09-09,2023-09-16,gcrew,noaa_gefs,06,AirTemp_C_mean,7,21.02536544799807
gep06,00,2023-09-09,2023-09-16,gcrew,noaa_gefs,06,RH_percent_mean,7,53.187461853027344
gep06,00,2023-09-09,2023-09-16,gcrew,noaa_gefs,06,Rain_mm_sum,7,0
gep06,00,2023-09-09,2023-09-16,gcrew,noaa_gefs,06,ShortwaveRadiation_Wm2,7,267.25
gep06,00,2023-09-09,2023-09-16,gcrew,noaa_gefs,06,WindSpeed_ms_mean,7,4.777442492071275
gep06,00,2023-09-09,2023-09-17,gcrew,noaa_gefs,06,AirTemp_C_mean,8,21.546594238281273
gep06,00,2023-09-09,2023-09-17,gcrew,noaa_gefs,06,RH_percent_mean,8,53.33281660079956
gep06,00,2023-09-09,2023-09-17,gcrew,noaa_gefs,06,Rain_mm_sum,8,0
gep06,00,2023-09-09,2023-09-17,gcrew,noaa_gefs,06,ShortwaveRadiation_Wm2,8,259.625
gep06,00,2023-09-09,2023-09-17,gcrew,noaa_gefs,06,WindSpeed_ms_mean,8,1.228218844842356
gep06,00,2023-09-09,2023-09-18,gcrew,noaa_gefs,06,AirTemp_C_mean,9,22.745000457763695
gep06,00,2023-09-09,2023-09-18,gcrew,noaa_gefs,06,RH_percent_mean,9,58.80604076385498
gep06,00,2023-09-09,2023-09-18,gcrew,noaa_gefs,06,Rain_mm_sum,9,0.12000000104308128
gep06,00,2023-09-09,2023-09-18,gcrew,noaa_gefs,06,ShortwaveRadiation_Wm2,9,171.375
gep06,00,2023-09-09,2023-09-18,gcrew,noaa_gefs,06,WindSpeed_ms_mean,9,3.6700750408084533
gep06,00,2023-09-09,2023-09-19,gcrew,noaa_gefs,06,AirTemp_C_mean,10,21.85382232666018
gep06,00,2023-09-09,2023-09-19,gcrew,noaa_gefs,06,RH_percent_mean,10,51.910043716430664
gep06,00,2023-09-09,2023-09-19,gcrew,noaa_gefs,06,Rain_mm_sum,10,0
gep06,00,2023-09-09,2023-09-19,gcrew,noaa_gefs,06,ShortwaveRadiation_Wm2,10,222.75
gep06,00,2023-09-09,2023-09-19,gcrew,noaa_gefs,06,WindSpeed_ms_mean,10,4.17428520665981
gep06,00,2023-09-09,2023-09-20,gcrew,noaa_gefs,06,AirTemp_C_mean,11,20.50086364746096
gep06,00,2023-09-09,2023-09-20,gcrew,noaa_gefs,06,RH_percent_mean,11,56.514787673950195
gep06,00,2023-09-09,2023-09-20,gcrew,noaa_gefs,06,Rain_mm_sum,11,0
gep06,00,2023-09-09,2023-09-20,gcrew,noaa_gefs,06,ShortwaveRadiation_Wm2,11,223.75
gep06,00,2023-09-09,2023-09-20,gcrew,noaa_gefs,06,WindSpeed_ms_mean,11,3.8783071905583006
gep06,00,2023-09-09,2023-09-21,gcrew,noaa_gefs,06,AirTemp_C_mean,12,21.212396240234398
gep06,00,2023-09-09,2023-09-21,gcrew,noaa_gefs,06,RH_percent_mean,12,57.83141326904297
gep06,00,2023-09-09,2023-09-21,gcrew,noaa_gefs,06,Rain_mm_sum,12,0
gep06,00,2023-09-09,2023-09-21,gcrew,noaa_gefs,06,ShortwaveRadiation_Wm2,12,217.75
gep06,00,2023-09-09,2023-09-21,gcrew,noaa_gefs,06,WindSpeed_ms_mean,12,3.3514963749039914
gep06,00,2023-09-09,2023-09-22,gcrew,noaa_gefs,06,AirTemp_C_mean,13,23.03926239013674
gep06,00,2023-09-09,2023-09-22,gcrew,noaa_gefs,06,RH_percent_mean,13,61.35855007171631
gep06,00,2023-09-09,2023-09-22,gcrew,noaa_gefs,06,Rain_mm_sum,13,0
gep06,00,2023-09-09,2023-09-22,gcrew,noaa_gefs,06,ShortwaveRadiation_Wm2,13,219.75
gep06,00,2023-09-09,2023-09-22,gcrew,noaa_gefs,06,WindSpeed_ms_mean,13,1.8093905060696394
gep06,00,2023-09-09,2023-09-23,gcrew,noaa_gefs,06,AirTemp_C_mean,14,22.375588989257835
gep06,00,2023-09-09,2023-09-23,gcrew,noaa_gefs,06,RH_percent_mean,14,63.70778179168701
gep06,00,2023-09-09,2023-09-23,gcrew,noaa_gefs,06,Rain_mm_sum,14,0
gep06,00,2023-09-09,2023-09-23,gcrew,noaa_gefs,06,ShortwaveRadiation_Wm2,14,232
gep06,00,2023-09-09,2023-09-23,gcrew,noaa_gefs,06,WindSpeed_ms_mean,14,4.553198777918426
gep06,00,2023-09-09,2023-09-24,gcrew,noaa_gefs,06,AirTemp_C_mean,15,21.508035278320335
gep06,00,2023-09-09,2023-09-24,gcrew,noaa_gefs,06,RH_percent_mean,15,75.4688196182251
gep06,00,2023-09-09,2023-09-24,gcrew,noaa_gefs,06,Rain_mm_sum,15,0.20000000298023224
gep06,00,2023-09-09,2023-09-24,gcrew,noaa_gefs,06,ShortwaveRadiation_Wm2,15,161
gep06,00,2023-09-09,2023-09-24,gcrew,noaa_gefs,06,WindSpeed_ms_mean,15,5.2646868981549435
gep06,00,2023-09-09,2023-09-25,gcrew,noaa_gefs,06,AirTemp_C_mean,16,22.39338836669924
gep06,00,2023-09-09,2023-09-25,gcrew,noaa_gefs,06,RH_percent_mean,16,80.72414588928223
gep06,00,2023-09-09,2023-09-25,gcrew,noaa_gefs,06,Rain_mm_sum,16,0.700000025331974
gep06,00,2023-09-09,2023-09-25,gcrew,noaa_gefs,06,ShortwaveRadiation_Wm2,16,134.25
gep06,00,2023-09-09,2023-09-25,gcrew,noaa_gefs,06,WindSpeed_ms_mean,16,3.9959241047420417
gep06,00,2023-09-09,2023-09-26,gcrew,noaa_gefs,06,AirTemp_C_mean,17,21.122277832031273
gep06,00,2023-09-09,2023-09-26,gcrew,noaa_gefs,06,RH_percent_mean,17,91.78124618530273
gep06,00,2023-09-09,2023-09-26,gcrew,noaa_gefs,06,Rain_mm_sum,17,17.700000673532486
gep06,00,2023-09-09,2023-09-26,gcrew,noaa_gefs,06,ShortwaveRadiation_Wm2,17,71.75
gep06,00,2023-09-09,2023-09-26,gcrew,noaa_gefs,06,WindSpeed_ms_mean,17,4.524560070543811
gep06,00,2023-09-09,2023-09-27,gcrew,noaa_gefs,06,AirTemp_C_mean,18,21.53302917480471
gep06,00,2023-09-09,2023-09-27,gcrew,noaa_gefs,06,RH_percent_mean,18,94.12124061584473
gep06,00,2023-09-09,2023-09-27,gcrew,noaa_gefs,06,Rain_mm_sum,18,26.30000001192093
gep06,00,2023-09-09,2023-09-27,gcrew,noaa_gefs,06,ShortwaveRadiation_Wm2,18,45
gep06,00,2023-09-09,2023-09-27,gcrew,noaa_gefs,06,WindSpeed_ms_mean,18,3.4376454204120614
gep06,00,2023-09-09,2023-09-28,gcrew,noaa_gefs,06,AirTemp_C_mean,19,21.010675048828148
gep06,00,2023-09-09,2023-09-28,gcrew,noaa_gefs,06,RH_percent_mean,19,92.565582275390625
gep06,00,2023-09-09,2023-09-28,gcrew,noaa_gefs,06,Rain_mm_sum,19,16.90000021457672
gep06,00,2023-09-09,2023-09-28,gcrew,noaa_gefs,06,ShortwaveRadiation_Wm2,19,77
gep06,00,2023-09-09,2023-09-28,gcrew,noaa_gefs,06,WindSpeed_ms_mean,19,4.072877205063392
gep06,00,2023-09-09,2023-09-29,gcrew,noaa_gefs,06,AirTemp_C_mean,20,15.901658630371116
gep06,00,2023-09-09,2023-09-29,gcrew,noaa_gefs,06,RH_percent_mean,20,89.57869911193848
gep06,00,2023-09-09,2023-09-29,gcrew,noaa_gefs,06,Rain_mm_sum,20,13.20000046491623
gep06,00,2023-09-09,2023-09-29,gcrew,noaa_gefs,06,ShortwaveRadiation_Wm2,20,10
gep06,00,2023-09-09,2023-09-29,gcrew,noaa_gefs,06,WindSpeed_ms_mean,20,10.247166260311577
gep06,00,2023-09-09,2023-09-30,gcrew,noaa_gefs,06,AirTemp_C_mean,21,16.05395660400393
gep06,00,2023-09-09,2023-09-30,gcrew,noaa_gefs,06,RH_percent_mean,21,83.6533432006836
gep06,00,2023-09-09,2023-09-30,gcrew,noaa_gefs,06,Rain_mm_sum,21,2.200000062584877
gep06,00,2023-09-09,2023-09-30,gcrew,noaa_gefs,06,ShortwaveRadiation_Wm2,21,40.75
gep06,00,2023-09-09,2023-09-30,gcrew,noaa_gefs,06,WindSpeed_ms_mean,21,6.540632340833415
gep06,00,2023-09-09,2023-10-01,gcrew,noaa_gefs,06,AirTemp_C_mean,22,16.407647705078148
gep06,00,2023-09-09,2023-10-01,gcrew,noaa_gefs,06,RH_percent_mean,22,57.9601993560791
gep06,00,2023-09-09,2023-10-01,gcrew,noaa_gefs,06,Rain_mm_sum,22,0
gep06,00,2023-09-09,2023-10-01,gcrew,noaa_gefs,06,ShortwaveRadiation_Wm2,22,211.75
gep06,00,2023-09-09,2023-10-01,gcrew,noaa_gefs,06,WindSpeed_ms_mean,22,5.751839360697048
gep06,00,2023-09-09,2023-10-02,gcrew,noaa_gefs,06,AirTemp_C_mean,23,14.778672790527366
gep06,00,2023-09-09,2023-10-02,gcrew,noaa_gefs,06,RH_percent_mean,23,52.730899810791016
gep06,00,2023-09-09,2023-10-02,gcrew,noaa_gefs,06,Rain_mm_sum,23,0
gep06,00,2023-09-09,2023-10-02,gcrew,noaa_gefs,06,ShortwaveRadiation_Wm2,23,213
gep06,00,2023-09-09,2023-10-02,gcrew,noaa_gefs,06,WindSpeed_ms_mean,23,2.8789626857426764
gep06,00,2023-09-09,2023-10-03,gcrew,noaa_gefs,06,AirTemp_C_mean,24,19.176812744140648
gep06,00,2023-09-09,2023-10-03,gcrew,noaa_gefs,06,RH_percent_mean,24,79.48908996582031
gep06,00,2023-09-09,2023-10-03,gcrew,noaa_gefs,06,Rain_mm_sum,24,0
gep06,00,2023-09-09,2023-10-03,gcrew,noaa_gefs,06,ShortwaveRadiation_Wm2,24,204.5
gep06,00,2023-09-09,2023-10-03,gcrew,noaa_gefs,06,WindSpeed_ms_mean,24,2.91516139807672
gep06,00,2023-09-09,2023-10-04,gcrew,noaa_gefs,06,AirTemp_C_mean,25,22.34058532714846
gep06,00,2023-09-09,2023-10-04,gcrew,noaa_gefs,06,RH_percent_mean,25,75.36294078826904
gep06,00,2023-09-09,2023-10-04,gcrew,noaa_gefs,06,Rain_mm_sum,25,0
gep06,00,2023-09-09,2023-10-04,gcrew,noaa_gefs,06,ShortwaveRadiation_Wm2,25,210.75
gep06,00,2023-09-09,2023-10-04,gcrew,noaa_gefs,06,WindSpeed_ms_mean,25,2.9960568170531348
gep06,00,2023-09-09,2023-10-05,gcrew,noaa_gefs,06,AirTemp_C_mean,26,21.978173828125023
gep06,00,2023-09-09,2023-10-05,gcrew,noaa_gefs,06,RH_percent_mean,26,62.96555137634277
gep06,00,2023-09-09,2023-10-05,gcrew,noaa_gefs,06,Rain_mm_sum,26,0.30000000447034836
gep06,00,2023-09-09,2023-10-05,gcrew,noaa_gefs,06,ShortwaveRadiation_Wm2,26,181
gep06,00,2023-09-09,2023-10-05,gcrew,noaa_gefs,06,WindSpeed_ms_mean,26,5.094556622266271
gep06,00,2023-09-09,2023-10-06,gcrew,noaa_gefs,06,AirTemp_C_mean,27,17.76600799560549
gep06,00,2023-09-09,2023-10-06,gcrew,noaa_gefs,06,RH_percent_mean,27,66.44743537902832
gep06,00,2023-09-09,2023-10-06,gcrew,noaa_gefs,06,Rain_mm_sum,27,0
gep06,00,2023-09-09,2023-10-06,gcrew,noaa_gefs,06,ShortwaveRadiation_Wm2,27,141
gep06,00,2023-09-09,2023-10-06,gcrew,noaa_gefs,06,WindSpeed_ms_mean,27,4.729005513864134
gep06,00,2023-09-09,2023-10-07,gcrew,noaa_gefs,06,AirTemp_C_mean,28,16.294488525390648
gep06,00,2023-09-09,2023-10-07,gcrew,noaa_gefs,06,RH_percent_mean,28,53.386996269226074
gep06,00,2023-09-09,2023-10-07,gcrew,noaa_gefs,06,Rain_mm_sum,28,0
gep06,00,2023-09-09,2023-10-07,gcrew,noaa_gefs,06,ShortwaveRadiation_Wm2,28,189.75
gep06,00,2023-09-09,2023-10-07,gcrew,noaa_gefs,06,WindSpeed_ms_mean,28,3.770817246533188
gep06,00,2023-09-09,2023-10-08,gcrew,noaa_gefs,06,AirTemp_C_mean,29,16.038568115234398
gep06,00,2023-09-09,2023-10-08,gcrew,noaa_gefs,06,RH_percent_mean,29,62.47337341308594
gep06,00,2023-09-09,2023-10-08,gcrew,noaa_gefs,06,Rain_mm_sum,29,0
gep06,00,2023-09-09,2023-10-08,gcrew,noaa_gefs,06,ShortwaveRadiation_Wm2,29,182
gep06,00,2023-09-09,2023-10-08,gcrew,noaa_gefs,06,WindSpeed_ms_mean,29,4.436974656013027
gep06,00,2023-09-09,2023-10-09,gcrew,noaa_gefs,06,AirTemp_C_mean,30,18.04213104248049
gep06,00,2023-09-09,2023-10-09,gcrew,noaa_gefs,06,RH_percent_mean,30,64.63348579406738
gep06,00,2023-09-09,2023-10-09,gcrew,noaa_gefs,06,Rain_mm_sum,30,0.10000000149011612
gep06,00,2023-09-09,2023-10-09,gcrew,noaa_gefs,06,ShortwaveRadiation_Wm2,30,180.5
gep06,00,2023-09-09,2023-10-09,gcrew,noaa_gefs,06,WindSpeed_ms_mean,30,7.391516267652271
gep06,00,2023-09-09,2023-10-10,gcrew,noaa_gefs,06,AirTemp_C_mean,31,10.97205505371096
gep06,00,2023-09-09,2023-10-10,gcrew,noaa_gefs,06,RH_percent_mean,31,45.596985816955566
gep06,00,2023-09-09,2023-10-10,gcrew,noaa_gefs,06,Rain_mm_sum,31,0
gep06,00,2023-09-09,2023-10-10,gcrew,noaa_gefs,06,ShortwaveRadiation_Wm2,31,209.25
gep06,00,2023-09-09,2023-10-10,gcrew,noaa_gefs,06,WindSpeed_ms_mean,31,4.847591688904462
gep06,00,2023-09-09,2023-10-11,gcrew,noaa_gefs,06,AirTemp_C_mean,32,13.605989074707054
gep06,00,2023-09-09,2023-10-11,gcrew,noaa_gefs,06,RH_percent_mean,32,67.84227752685547
gep06,00,2023-09-09,2023-10-11,gcrew,noaa_gefs,06,Rain_mm_sum,32,0.10000000149011612
gep06,00,2023-09-09,2023-10-11,gcrew,noaa_gefs,06,ShortwaveRadiation_Wm2,32,119
gep06,00,2023-09-09,2023-10-11,gcrew,noaa_gefs,06,WindSpeed_ms_mean,32,4.346613717382562
gep06,00,2023-09-09,2023-10-12,gcrew,noaa_gefs,06,AirTemp_C_mean,33,20.219476318359398
gep06,00,2023-09-09,2023-10-12,gcrew,noaa_gefs,06,RH_percent_mean,33,86.41911506652832
gep06,00,2023-09-09,2023-10-12,gcrew,noaa_gefs,06,Rain_mm_sum,33,0.10000000149011612
gep06,00,2023-09-09,2023-10-12,gcrew,noaa_gefs,06,ShortwaveRadiation_Wm2,33,121
gep06,00,2023-09-09,2023-10-12,gcrew,noaa_gefs,06,WindSpeed_ms_mean,33,6.458461832002699
gep06,00,2023-09-09,2023-10-13,gcrew,noaa_gefs,06,AirTemp_C_mean,34,21.163812255859398
gep06,00,2023-09-09,2023-10-13,gcrew,noaa_gefs,06,RH_percent_mean,34,83.2275333404541
gep06,00,2023-09-09,2023-10-13,gcrew,noaa_gefs,06,Rain_mm_sum,34,26.900000289082527
gep06,00,2023-09-09,2023-10-13,gcrew,noaa_gefs,06,ShortwaveRadiation_Wm2,34,84.75
gep06,00,2023-09-09,2023-10-13,gcrew,noaa_gefs,06,WindSpeed_ms_mean,34,7.309394128531857
gep06,00,2023-09-09,2023-10-14,gcrew,noaa_gefs,06,AirTemp_C_mean,35,17.296502685546898
gep06,00,2023-09-09,2023-10-14,gcrew,noaa_gefs,06,RH_percent_mean,35,54.04242706298828
gep06,00,2023-09-09,2023-10-14,gcrew,noaa_gefs,06,Rain_mm_sum,35,0
gep06,00,2023-09-09,2023-10-14,gcrew,noaa_gefs,06,ShortwaveRadiation_Wm2,35,247
gep06,00,2023-09-09,2023-10-14,gcrew,noaa_gefs,06,WindSpeed_ms_mean,35,7.0066434777233235
gep07,00,2023-09-09,2023-09-09,gcrew,noaa_gefs,07,AirTemp_C_mean,0,24.57565133231029
gep07,00,2023-09-09,2023-09-09,gcrew,noaa_gefs,07,RH_percent_mean,0,81.28700474330357
gep07,00,2023-09-09,2023-09-09,gcrew,noaa_gefs,07,Rain_mm_sum,0,9.989999949932098
gep07,00,2023-09-09,2023-09-09,gcrew,noaa_gefs,07,ShortwaveRadiation_Wm2,0,208.42857142857142
gep07,00,2023-09-09,2023-09-09,gcrew,noaa_gefs,07,WindSpeed_ms_mean,0,2.244640159790602
gep07,00,2023-09-09,2023-09-10,gcrew,noaa_gefs,07,AirTemp_C_mean,1,23.364217376709007
gep07,00,2023-09-09,2023-09-10,gcrew,noaa_gefs,07,RH_percent_mean,1,79.58796691894531
gep07,00,2023-09-09,2023-09-10,gcrew,noaa_gefs,07,Rain_mm_sum,1,2.1700000278651714
gep07,00,2023-09-09,2023-09-10,gcrew,noaa_gefs,07,ShortwaveRadiation_Wm2,1,106
gep07,00,2023-09-09,2023-09-10,gcrew,noaa_gefs,07,WindSpeed_ms_mean,1,2.0001020501904465
gep07,00,2023-09-09,2023-09-11,gcrew,noaa_gefs,07,AirTemp_C_mean,2,23.99094161987307
gep07,00,2023-09-09,2023-09-11,gcrew,noaa_gefs,07,RH_percent_mean,2,76.6868748664856
gep07,00,2023-09-09,2023-09-11,gcrew,noaa_gefs,07,Rain_mm_sum,2,14.520000278949738
gep07,00,2023-09-09,2023-09-11,gcrew,noaa_gefs,07,ShortwaveRadiation_Wm2,2,236.125
gep07,00,2023-09-09,2023-09-11,gcrew,noaa_gefs,07,WindSpeed_ms_mean,2,1.2761169694246208
gep07,00,2023-09-09,2023-09-12,gcrew,noaa_gefs,07,AirTemp_C_mean,3,24.883412933349632
gep07,00,2023-09-09,2023-09-12,gcrew,noaa_gefs,07,RH_percent_mean,3,71.71621131896973
gep07,00,2023-09-09,2023-09-12,gcrew,noaa_gefs,07,Rain_mm_sum,3,5.510000050067902
gep07,00,2023-09-09,2023-09-12,gcrew,noaa_gefs,07,ShortwaveRadiation_Wm2,3,235.5
gep07,00,2023-09-09,2023-09-12,gcrew,noaa_gefs,07,WindSpeed_ms_mean,3,2.631870711383254
gep07,00,2023-09-09,2023-09-13,gcrew,noaa_gefs,07,AirTemp_C_mean,4,22.81793365478518
gep07,00,2023-09-09,2023-09-13,gcrew,noaa_gefs,07,RH_percent_mean,4,73.45065355300903
gep07,00,2023-09-09,2023-09-13,gcrew,noaa_gefs,07,Rain_mm_sum,4,13.47999992966652
gep07,00,2023-09-09,2023-09-13,gcrew,noaa_gefs,07,ShortwaveRadiation_Wm2,4,134.25
gep07,00,2023-09-09,2023-09-13,gcrew,noaa_gefs,07,WindSpeed_ms_mean,4,3.913124752342366
gep07,00,2023-09-09,2023-09-14,gcrew,noaa_gefs,07,AirTemp_C_mean,5,21.205693817138695
gep07,00,2023-09-09,2023-09-14,gcrew,noaa_gefs,07,RH_percent_mean,5,50.70257902145386
gep07,00,2023-09-09,2023-09-14,gcrew,noaa_gefs,07,Rain_mm_sum,5,0.20000000298023224
gep07,00,2023-09-09,2023-09-14,gcrew,noaa_gefs,07,ShortwaveRadiation_Wm2,5,266.875
gep07,00,2023-09-09,2023-09-14,gcrew,noaa_gefs,07,WindSpeed_ms_mean,5,3.7478175500416757
gep07,00,2023-09-09,2023-09-15,gcrew,noaa_gefs,07,AirTemp_C_mean,6,20.683343505859398
gep07,00,2023-09-09,2023-09-15,gcrew,noaa_gefs,07,RH_percent_mean,6,51.90177011489868
gep07,00,2023-09-09,2023-09-15,gcrew,noaa_gefs,07,Rain_mm_sum,6,0
gep07,00,2023-09-09,2023-09-15,gcrew,noaa_gefs,07,ShortwaveRadiation_Wm2,6,267.125
gep07,00,2023-09-09,2023-09-15,gcrew,noaa_gefs,07,WindSpeed_ms_mean,6,4.967512346372693
gep07,00,2023-09-09,2023-09-16,gcrew,noaa_gefs,07,AirTemp_C_mean,7,21.02536544799807
gep07,00,2023-09-09,2023-09-16,gcrew,noaa_gefs,07,RH_percent_mean,7,53.187461853027344
gep07,00,2023-09-09,2023-09-16,gcrew,noaa_gefs,07,Rain_mm_sum,7,0
gep07,00,2023-09-09,2023-09-16,gcrew,noaa_gefs,07,ShortwaveRadiation_Wm2,7,267.25
gep07,00,2023-09-09,2023-09-16,gcrew,noaa_gefs,07,WindSpeed_ms_mean,7,4.777442492071275
gep07,00,2023-09-09,2023-09-17,gcrew,noaa_gefs,07,AirTemp_C_mean,8,21.546594238281273
gep07,00,2023-09-09,2023-09-17,gcrew,noaa_gefs,07,RH_percent_mean,8,53.33281660079956
gep07,00,2023-09-09,2023-09-17,gcrew,noaa_gefs,07,Rain_mm_sum,8,0
gep07,00,2023-09-09,2023-09-17,gcrew,noaa_gefs,07,ShortwaveRadiation_Wm2,8,259.625
gep07,00,2023-09-09,2023-09-17,gcrew,noaa_gefs,07,WindSpeed_ms_mean,8,1.228218844842356
gep07,00,2023-09-09,2023-09-18,gcrew,noaa_gefs,07,AirTemp_C_mean,9,22.745000457763695
gep07,00,2023-09-09,2023-09-18,gcrew,noaa_gefs,07,RH_percent_mean,9,58.80604076385498
gep07,00,2023-09-09,2023-09-18,gcrew,noaa_gefs,07,Rain_mm_sum,9,0.12000000104308128
gep07,00,2023-09-09,2023-09-18,gcrew,noaa_gefs,07,ShortwaveRadiation_Wm2,9,171.375
gep07,00,2023-09-09,2023-09-18,gcrew,noaa_gefs,07,WindSpeed_ms_mean,9,3.6700750408084533
gep07,00,2023-09-09,2023-09-19,gcrew,noaa_gefs,07,AirTemp_C_mean,10,21.85382232666018
gep07,00,2023-09-09,2023-09-19,gcrew,noaa_gefs,07,RH_percent_mean,10,51.910043716430664
gep07,00,2023-09-09,2023-09-19,gcrew,noaa_gefs,07,Rain_mm_sum,10,0
gep07,00,2023-09-09,2023-09-19,gcrew,noaa_gefs,07,ShortwaveRadiation_Wm2,10,222.75
gep07,00,2023-09-09,2023-09-19,gcrew,noaa_gefs,07,WindSpeed_ms_mean,10,4.17428520665981
gep07,00,2023-09-09,2023-09-20,gcrew,noaa_gefs,07,AirTemp_C_mean,11,20.50086364746096
gep07,00,2023-09-09,2023-09-20,gcrew,noaa_gefs,07,RH_percent_mean,11,56.514787673950195
gep07,00,2023-09-09,2023-09-20,gcrew,noaa_gefs,07,Rain_mm_sum,11,0
gep07,00,2023-09-09,2023-09-20,gcrew,noaa_gefs,07,ShortwaveRadiation_Wm2,11,223.75
gep07,00,2023-09-09,2023-09-20,gcrew,noaa_gefs,07,WindSpeed_ms_mean,11,3.8783071905583006
gep07,00,2023-09-09,2023-09-21,gcrew,noaa_gefs,07,AirTemp_C_mean,12,21.212396240234398
gep07,00,2023-09-09,2023-09-21,gcrew,noaa_gefs,07,RH_percent_mean,12,57.83141326904297
gep07,00,2023-09-09,2023-09-21,gcrew,noaa_gefs,07,Rain_mm_sum,12,0
gep07,00,2023-09-09,2023-09-21,gcrew,noaa_gefs,07,ShortwaveRadiation_Wm2,12,217.75
gep07,00,2023-09-09,2023-09-21,gcrew,noaa_gefs,07,WindSpeed_ms_mean,12,3.3514963749039914
gep07,00,2023-09-09,2023-09-22,gcrew,noaa_gefs,07,AirTemp_C_mean,13,23.03926239013674
gep07,00,2023-09-09,2023-09-22,gcrew,noaa_gefs,07,RH_percent_mean,13,61.35855007171631
gep07,00,2023-09-09,2023-09-22,gcrew,noaa_gefs,07,Rain_mm_sum,13,0
gep07,00,2023-09-09,2023-09-22,gcrew,noaa_gefs,07,ShortwaveRadiation_Wm2,13,219.75
gep07,00,2023-09-09,2023-09-22,gcrew,noaa_gefs,07,WindSpeed_ms_mean,13,1.8093905060696394
gep07,00,2023-09-09,2023-09-23,gcrew,noaa_gefs,07,AirTemp_C_mean,14,22.375588989257835
gep07,00,2023-09-09,2023-09-23,gcrew,noaa_gefs,07,RH_percent_mean,14,63.70778179168701
gep07,00,2023-09-09,2023-09-23,gcrew,noaa_gefs,07,Rain_mm_sum,14,0
gep07,00,2023-09-09,2023-09-23,gcrew,noaa_gefs,07,ShortwaveRadiation_Wm2,14,232
gep07,00,2023-09-09,2023-09-23,gcrew,noaa_gefs,07,WindSpeed_ms_mean,14,4.553198777918426
gep07,00,2023-09-09,2023-09-24,gcrew,noaa_gefs,07,AirTemp_C_mean,15,21.508035278320335
gep07,00,2023-09-09,2023-09-24,gcrew,noaa_gefs,07,RH_percent_mean,15,75.4688196182251
gep07,00,2023-09-09,2023-09-24,gcrew,noaa_gefs,07,Rain_mm_sum,15,0.20000000298023224
gep07,00,2023-09-09,2023-09-24,gcrew,noaa_gefs,07,ShortwaveRadiation_Wm2,15,161
gep07,00,2023-09-09,2023-09-24,gcrew,noaa_gefs,07,WindSpeed_ms_mean,15,5.2646868981549435
gep07,00,2023-09-09,2023-09-25,gcrew,noaa_gefs,07,AirTemp_C_mean,16,22.39338836669924
gep07,00,2023-09-09,2023-09-25,gcrew,noaa_gefs,07,RH_percent_mean,16,80.72414588928223
gep07,00,2023-09-09,2023-09-25,gcrew,noaa_gefs,07,Rain_mm_sum,16,0.700000025331974
gep07,00,2023-09-09,2023-09-25,gcrew,noaa_gefs,07,ShortwaveRadiation_Wm2,16,134.25
gep07,00,2023-09-09,2023-09-25,gcrew,noaa_gefs,07,WindSpeed_ms_mean,16,3.9959241047420417
gep07,00,2023-09-09,2023-09-26,gcrew,noaa_gefs,07,AirTemp_C_mean,17,21.122277832031273
gep07,00,2023-09-09,2023-09-26,gcrew,noaa_gefs,07,RH_percent_mean,17,91.78124618530273
gep07,00,2023-09-09,2023-09-26,gcrew,noaa_gefs,07,Rain_mm_sum,17,17.700000673532486
gep07,00,2023-09-09,2023-09-26,gcrew,noaa_gefs,07,ShortwaveRadiation_Wm2,17,71.75
gep07,00,2023-09-09,2023-09-26,gcrew,noaa_gefs,07,WindSpeed_ms_mean,17,4.524560070543811
gep07,00,2023-09-09,2023-09-27,gcrew,noaa_gefs,07,AirTemp_C_mean,18,21.53302917480471
gep07,00,2023-09-09,2023-09-27,gcrew,noaa_gefs,07,RH_percent_mean,18,94.12124061584473
gep07,00,2023-09-09,2023-09-27,gcrew,noaa_gefs,07,Rain_mm_sum,18,26.30000001192093
gep07,00,2023-09-09,2023-09-27,gcrew,noaa_gefs,07,ShortwaveRadiation_Wm2,18,45
gep07,00,2023-09-09,2023-09-27,gcrew,noaa_gefs,07,WindSpeed_ms_mean,18,3.4376454204120614
gep07,00,2023-09-09,2023-09-28,gcrew,noaa_gefs,07,AirTemp_C_mean,19,21.010675048828148
gep07,00,2023-09-09,2023-09-28,gcrew,noaa_gefs,07,RH_percent_mean,19,92.565582275390625
gep07,00,2023-09-09,2023-09-28,gcrew,noaa_gefs,07,Rain_mm_sum,19,16.90000021457672
gep07,00,2023-09-09,2023-09-28,gcrew,noaa_gefs,07,ShortwaveRadiation_Wm2,19,77
gep07,00,2023-09-09,2023-09-28,gcrew,noaa_gefs,07,WindSpeed_ms_mean,19,4.072877205063392
gep07,00,2023-09-09,2023-09-29,gcrew,noaa_gefs,07,AirTemp_C_mean,20,15.901658630371116
gep07,00,2023-09-09,2023-09-29,gcrew,noaa_gefs,07,RH_percent_mean,20,89.57869911193848
gep07,00,2023-09-09,2023-09-29,gcrew,noaa_gefs,07,Rain_mm_sum,20,13.20000046491623
gep07,00,2023-09-09,2023-09-29,gcrew,noaa_gefs,07,ShortwaveRadiation_Wm2,20,10
gep07,00,2023-09-09,2023-09-29,gcrew,noaa_gefs,07,WindSpeed_ms_mean,20,10.247166260311577
gep07,00,2023-09-09,2023-09-30,gcrew,noaa_gefs,07,AirTemp_C_mean,21,16.05395660400393
gep07,00,2023-09-09,2023-09-30,gcrew,noaa_gefs,07,RH_percent_mean,21,83.6533432006836
gep07,00,2023-09-09,2023-09-30,gcrew,noaa_gefs,07,Rain_mm_sum,21,2.200000062584877
gep07,00,2023-09-09,2023-09-30,gcrew,noaa_gefs,07,ShortwaveRadiation_Wm2,21,40.75
gep07,00,2023-09-09,2023-09-30,gcrew,noaa_gefs,07,WindSpeed_ms_mean,21,6.540632340833415
gep07,00,2023-09-09,2023-10-01,gcrew,noaa_gefs,07,AirTemp_C_mean,22,16.407647705078148
gep07,00,2023-09-09,2023-10-01,gcrew,noaa_gefs,07,RH_percent_mean,22,57.9601993560791
gep07,00,2023-09-09,2023-10-01,gcrew,noaa_gefs,07,Rain_mm_sum,22,0
gep07,00,2023-09-09,2023-10-01,gcrew,noaa_gefs,07,ShortwaveRadiation_Wm2,22,211.75
gep07,00,2023-09-09,2023-10-01,gcrew,noaa_gefs,07,WindSpeed_ms_mean,22,5.751839360697048
gep07,00,2023-09-09,2023-10-02,gcrew,noaa_gefs,07,AirTemp_C_mean,23,14.778672790527366
gep07,00,2023-09-09,2023-10-02,gcrew,noaa_gefs,07,RH_percent_mean,23,52.730899810791016
gep07,00,2023-09-09,2023-10-02,gcrew,noaa_gefs,07,Rain_mm_sum,23,0
gep07,00,2023-09-09,2023-10-02,gcrew,noaa_gefs,07,ShortwaveRadiation_Wm2,23,213
gep07,00,2023-09-09,2023-10-02,gcrew,noaa_gefs,07,WindSpeed_ms_mean,23,2.8789626857426764
gep07,00,2023-09-09,2023-10-03,gcrew,noaa_gefs,07,AirTemp_C_mean,24,19.176812744140648
gep07,00,2023-09-09,2023-10-03,gcrew,noaa_gefs,07,RH_percent_mean,24,79.48908996582031
gep07,00,2023-09-09,2023-10-03,gcrew,noaa_gefs,07,Rain_mm_sum,24,0
gep07,00,2023-09-09,2023-10-03,gcrew,noaa_gefs,07,ShortwaveRadiation_Wm2,24,204.5
gep07,00,2023-09-09,2023-10-03,gcrew,noaa_gefs,07,WindSpeed_ms_mean,24,2.91516139807672
gep07,00,2023-09-09,2023-10-04,gcrew,noaa_gefs,07,AirTemp_C_mean,25,22.34058532714846
gep07,00,2023-09-09,2023-10-04,gcrew,noaa_gefs,07,RH_percent_mean,25,75.36294078826904
gep07,00,2023-09-09,2023-10-04,gcrew,noaa_gefs,07,Rain_mm_sum,25,0
gep07,00,2023-09-09,2023-10-04,gcrew,noaa_gefs,07,ShortwaveRadiation_Wm2,25,210.75
gep07,00,2023-09-09,2023-10-04,gcrew,noaa_gefs,07,WindSpeed_ms_mean,25,2.9960568170531348
gep07,00,2023-09-09,2023-10-05,gcrew,noaa_gefs,07,AirTemp_C_mean,26,21.978173828125023
gep07,00,2023-09-09,2023-10-05,gcrew,noaa_gefs,07,RH_percent_mean,26,62.96555137634277
gep07,00,2023-09-09,2023-10-05,gcrew,noaa_gefs,07,Rain_mm_sum,26,0.30000000447034836
gep07,00,2023-09-09,2023-10-05,gcrew,noaa_gefs,07,ShortwaveRadiation_Wm2,26,181
gep07,00,2023-09-09,2023-10-05,gcrew,noaa_gefs,07,WindSpeed_ms_mean,26,5.094556622266271
gep07,00,2023-09-09,2023-10-06,gcrew,noaa_gefs,07,AirTemp_C_mean,27,17.76600799560549
gep07,00,2023-09-09,2023-10-06,gcrew,noaa_gefs,07,RH_percent_mean,27,66.44743537902832
gep07,00,2023-09-09,2023-10-06,gcrew,noaa_gefs,07,Rain_mm_sum,27,0
gep07,00,2023-09-09,2023-10-06,gcrew,noaa_gefs,07,ShortwaveRadiation_Wm2,27,141
gep07,00,2023-09-09,2023-10-06,gcrew,noaa_gefs,07,WindSpeed_ms_mean,27,4.729005513864134
gep07,00,2023-09-09,2023-10-07,gcrew,noaa_gefs,07,AirTemp_C_mean,28,16.294488525390648
gep07,00,2023-09-09,2023-10-07,gcrew,noaa_gefs,07,RH_percent_mean,28,53.386996269226074
gep07,00,2023-09-09,2023-10-07,gcrew,noaa_gefs,07,Rain_mm_sum,28,0
gep07,00,2023-09-09,2023-10-07,gcrew,noaa_gefs,07,ShortwaveRadiation_Wm2,28,189.75
gep07,00,2023-09-09,2023-10-07,gcrew,noaa_gefs,07,WindSpeed_ms_mean,28,3.770817246533188
gep07,00,2023-09-09,2023-10-08,gcrew,noaa_gefs,07,AirTemp_C_mean,29,16.038568115234398
gep07,00,2023-09-09,2023-10-08,gcrew,noaa_gefs,07,RH_percent_mean,29,62.47337341308594
gep07,00,2023-09-09,2023-10-08,gcrew,noaa_gefs,07,Rain_mm_sum,29,0
gep07,00,2023-09-09,2023-10-08,gcrew,noaa_gefs,07,ShortwaveRadiation_Wm2,29,182
gep07,00,2023-09-09,2023-10-08,gcrew,noaa_gefs,07,WindSpeed_ms_mean,29,4.436974656013027
gep07,00,2023-09-09,2023-10-09,gcrew,noaa_gefs,07,AirTemp_C_mean,30,18.04213104248049
gep07,00,2023-09-09,2023-10-09,gcrew,noaa_gefs,07,RH_percent_mean,30,64.63348579406738
gep07,00,2023-09-09,2023-10-09,gcrew,noaa_gefs,07,Rain_mm_sum,30,0.10000000149011612
gep07,00,2023-09-09,2023-10-09,gcrew,noaa_gefs,07,ShortwaveRadiation_Wm2,30,180.5
gep07,00,2023-09-09,2023-10-09,gcrew,noaa_gefs,07,WindSpeed_ms_mean,30,7.391516267652271
gep07,00,2023-09-09,2023-10-10,gcrew,noaa_gefs,07,AirTemp_C_mean,31,10.97205505371096
gep07,00,2023-09-09,2023-10-10,gcrew,noaa_gefs,07,RH_percent_mean,31,45.596985816955566
gep07,00,2023-09-09,2023-10-10,gcrew,noaa_gefs,07,Rain_mm_sum,31,0
gep07,00,2023-09-09,2023-10-10,gcrew,noaa_gefs,07,ShortwaveRadiation_Wm2,31,209.25
gep07,00,2023-09-09,2023-10-10,gcrew,noaa_gefs,07,WindSpeed_ms_mean,31,4.847591688904462
gep07,00,2023-09-09,2023-10-11,gcrew,noaa_gefs,07,AirTemp_C_mean,32,13.605989074707054
gep07,00,2023-09-09,2023-10-11,gcrew,noaa_gefs,07,RH_percent_mean,32,67.84227752685547
gep07,00,2023-09-09,2023-10-11,gcrew,noaa_gefs,07,Rain_mm_sum,32,0.10000000149011612
gep07,00,2023-09-09,2023-10-11,gcrew,noaa_gefs,07,ShortwaveRadiation_Wm2,32,119
gep07,00,2023-09-09,2023-10-11,gcrew,noaa_gefs,07,WindSpeed_ms_mean,32,4.346613717382562
gep07,00,2023-09-09,2023-10-12,gcrew,noaa_gefs,07,AirTemp_C_mean,33,20.219476318359398
gep07,00,2023-09-09,2023-10-12,gcrew,noaa_gefs,07,RH_percent_mean,33,86.41911506652832
gep07,00,2023-09-09,2023-10-12,gcrew,noaa_gefs,07,Rain_mm_sum,33,0.10000000149011612
gep07,00,2023-09-09,2023-10-12,gcrew,noaa_gefs,07,ShortwaveRadiation_Wm2,33,121
gep07,00,2023-09-09,2023-10-12,gcrew,noaa_gefs,07,WindSpeed_ms_mean,33,6.458461832002699
gep07,00,2023-09-09,2023-10-13,gcrew,noaa_gefs,07,AirTemp_C_mean,34,21.163812255859398
gep07,00,2023-09-09,2023-10-13,gcrew,noaa_gefs,07,RH_percent_mean,34,83.2275333404541
gep07,00,2023-09-09,2023-10-13,gcrew,noaa_gefs,07,Rain_mm_sum,34,26.900000289082527
gep07,00,2023-09-09,2023-10-13,gcrew,noaa_gefs,07,ShortwaveRadiation_Wm2,34,84.75
gep07,00,2023-09-09,2023-10-13,gcrew,noaa_gefs,07,WindSpeed_ms_mean,34,7.309394128531857
gep07,00,2023-09-09,2023-10-14,gcrew,noaa_gefs,07,AirTemp_C_mean,35,17.296502685546898
gep07,00,2023-09-09,2023-10-14,gcrew,noaa_gefs,07,RH_percent_mean,35,54.04242706298828
gep07,00,2023-09-09,2023-10-14,gcrew,noaa_gefs,07,Rain_mm_sum,35,0
gep07,00,2023-09-09,2023-10-14,gcrew,noaa_gefs,07,ShortwaveRadiation_Wm2,35,247
gep07,00,2023-09-09,2023-10-14,gcrew,noaa_gefs,07,WindSpeed_ms_mean,35,7.0066434777233235
gep08,00,2023-09-09,2023-09-09,gcrew,noaa_gefs,08,AirTemp_C_mean,0,24.57565133231029
gep08,00,2023-09-09,2023-09-09,gcrew,noaa_gefs,08,RH_percent_mean,0,81.28700474330357
gep08,00,2023-09-09,2023-09-09,gcrew,noaa_gefs,08,Rain_mm_sum,0,9.989999949932098
gep08,00,2023-09-09,2023-09-09,gcrew,noaa_gefs,08,ShortwaveRadiation_Wm2,0,208.42857142857142
gep08,00,2023-09-09,2023-09-09,gcrew,noaa_gefs,08,WindSpeed_ms_mean,0,2.244640159790602
gep08,00,2023-09-09,2023-09-10,gcrew,noaa_gefs,08,AirTemp_C_mean,1,23.364217376709007
gep08,00,2023-09-09,2023-09-10,gcrew,noaa_gefs,08,RH_percent_mean,1,79.58796691894531
gep08,00,2023-09-09,2023-09-10,gcrew,noaa_gefs,08,Rain_mm_sum,1,2.1700000278651714
gep08,00,2023-09-09,2023-09-10,gcrew,noaa_gefs,08,ShortwaveRadiation_Wm2,1,106
gep08,00,2023-09-09,2023-09-10,gcrew,noaa_gefs,08,WindSpeed_ms_mean,1,2.0001020501904465
gep08,00,2023-09-09,2023-09-11,gcrew,noaa_gefs,08,AirTemp_C_mean,2,23.99094161987307
gep08,00,2023-09-09,2023-09-11,gcrew,noaa_gefs,08,RH_percent_mean,2,76.6868748664856
gep08,00,2023-09-09,2023-09-11,gcrew,noaa_gefs,08,Rain_mm_sum,2,14.520000278949738
gep08,00,2023-09-09,2023-09-11,gcrew,noaa_gefs,08,ShortwaveRadiation_Wm2,2,236.125
gep08,00,2023-09-09,2023-09-11,gcrew,noaa_gefs,08,WindSpeed_ms_mean,2,1.2761169694246208
gep08,00,2023-09-09,2023-09-12,gcrew,noaa_gefs,08,AirTemp_C_mean,3,24.883412933349632
gep08,00,2023-09-09,2023-09-12,gcrew,noaa_gefs,08,RH_percent_mean,3,71.71621131896973
gep08,00,2023-09-09,2023-09-12,gcrew,noaa_gefs,08,Rain_mm_sum,3,5.510000050067902
gep08,00,2023-09-09,2023-09-12,gcrew,noaa_gefs,08,ShortwaveRadiation_Wm2,3,235.5
gep08,00,2023-09-09,2023-09-12,gcrew,noaa_gefs,08,WindSpeed_ms_mean,3,2.631870711383254
gep08,00,2023-09-09,2023-09-13,gcrew,noaa_gefs,08,AirTemp_C_mean,4,22.81793365478518
gep08,00,2023-09-09,2023-09-13,gcrew,noaa_gefs,08,RH_percent_mean,4,73.45065355300903
gep08,00,2023-09-09,2023-09-13,gcrew,noaa_gefs,08,Rain_mm_sum,4,13.47999992966652
gep08,00,2023-09-09,2023-09-13,gcrew,noaa_gefs,08,ShortwaveRadiation_Wm2,4,134.25
gep08,00,2023-09-09,2023-09-13,gcrew,noaa_gefs,08,WindSpeed_ms_mean,4,3.913124752342366
gep08,00,2023-09-09,2023-09-14,gcrew,noaa_gefs,08,AirTemp_C_mean,5,21.205693817138695
gep08,00,2023-09-09,2023-09-14,gcrew,noaa_gefs,08,RH_percent_mean,5,50.70257902145386
gep08,00,2023-09-09,2023-09-14,gcrew,noaa_gefs,08,Rain_mm_sum,5,0.20000000298023224
gep08,00,2023-09-09,2023-09-14,gcrew,noaa_gefs,08,ShortwaveRadiation_Wm2,5,266.875
gep08,00,2023-09-09,2023-09-14,gcrew,noaa_gefs,08,WindSpeed_ms_mean,5,3.7478175500416757
gep08,00,2023-09-09,2023-09-15,gcrew,noaa_gefs,08,AirTemp_C_mean,6,20.683343505859398
gep08,00,2023-09-09,2023-09-15,gcrew,noaa_gefs,08,RH_percent_mean,6,51.90177011489868
gep08,00,2023-09-09,2023-09-15,gcrew,noaa_gefs,08,Rain_mm_sum,6,0
gep08,00,2023-09-09,2023-09-15,gcrew,noaa_gefs,08,ShortwaveRadiation_Wm2,6,267.125
gep08,00,2023-09-09,2023-09-15,gcrew,noaa_gefs,08,WindSpeed_ms_mean,6,4.967512346372693
gep08,00,2023-09-09,2023-09-16,gcrew,noaa_gefs,08,AirTemp_C_mean,7,21.02536544799807
gep08,00,2023-09-09,2023-09-16,gcrew,noaa_gefs,08,RH_percent_mean,7,53.187461853027344
gep08,00,2023-09-09,2023-09-16,gcrew,noaa_gefs,08,Rain_mm_sum,7,0
gep08,00,2023-09-09,2023-09-16,gcrew,noaa_gefs,08,ShortwaveRadiation_Wm2,7,267.25
gep08,00,2023-09-09,2023-09-16,gcrew,noaa_gefs,08,WindSpeed_ms_mean,7,4.777442492071275
gep08,00,2023-09-09,2023-09-17,gcrew,noaa_gefs,08,AirTemp_C_mean,8,21.546594238281273
gep08,00,2023-09-09,2023-09-17,gcrew,noaa_gefs,08,RH_percent_mean,8,53.33281660079956
gep08,00,2023-09-09,2023-09-17,gcrew,noaa_gefs,08,Rain_mm_sum,8,0
gep08,00,2023-09-09,2023-09-17,gcrew,noaa_gefs,08,ShortwaveRadiation_Wm2,8,259.625
gep08,00,2023-09-09,2023-09-17,gcrew,noaa_gefs,08,WindSpeed_ms_mean,8,1.228218844842356
gep08,00,2023-09-09,2023-09-18,gcrew,noaa_gefs,08,AirTemp_C_mean,9,22.745000457763695
gep08,00,2023-09-09,2023-09-18,gcrew,noaa_gefs,08,RH_percent_mean,9,58.80604076385498
gep08,00,2023-09-09,2023-09-18,gcrew,noaa_gefs,08,Rain_mm_sum,9,0.12000000104308128
gep08,00,2023-09-09,2023-09-18,gcrew,noaa_gefs,08,ShortwaveRadiation_Wm2,9,171.375
gep08,00,2023-09-09,2023-09-18,gcrew,noaa_gefs,08,WindSpeed_ms_mean,9,3.6700750408084533
gep08,00,2023-09-09,2023-09-19,gcrew,noaa_gefs,08,AirTemp_C_mean,10,21.85382232666018
gep08,00,2023-09-09,2023-09-19,gcrew,noaa_gefs,08,RH_percent_mean,10,51.910043716430664
gep08,00,2023-09-09,2023-09-19,gcrew,noaa_gefs,08,Rain_mm_sum,10,0
gep08,00,2023-09-09,2023-09-19,gcrew,noaa_gefs,08,ShortwaveRadiation_Wm2,10,222.75
gep08,00,2023-09-09,2023-09-19,gcrew,noaa_gefs,08,WindSpeed_ms_mean,10,4.17428520665981
gep08,00,2023-09-09,2023-09-20,gcrew,noaa_gefs,08,AirTemp_C_mean,11,20.50086364746096
gep08,00,2023-09-09,2023-09-20,gcrew,noaa_gefs,08,RH_percent_mean,11,56.514787673950195
gep08,00,2023-09-09,2023-09-20,gcrew,noaa_gefs,08,Rain_mm_sum,11,0
gep08,00,2023-09-09,2023-09-20,gcrew,noaa_gefs,08,ShortwaveRadiation_Wm2,11,223.75
gep08,00,2023-09-09,2023-09-20,gcrew,noaa_gefs,08,WindSpeed_ms_mean,11,3.8783071905583006
gep08,00,2023-09-09,2023-09-21,gcrew,noaa_gefs,08,AirTemp_C_mean,12,21.212396240234398
gep08,00,2023-09-09,2023-09-21,gcrew,noaa_gefs,08,RH_percent_mean,12,57.83141326904297
gep08,00,2023-09-09,2023-09-21,gcrew,noaa_gefs,08,Rain_mm_sum,12,0
gep08,00,2023-09-09,2023-09-21,gcrew,noaa_gefs,08,ShortwaveRadiation_Wm2,12,217.75
gep08,00,2023-09-09,2023-09-21,gcrew,noaa_gefs,08,WindSpeed_ms_mean,12,3.3514963749039914
gep08,00,2023-09-09,2023-09-22,gcrew,noaa_gefs,08,AirTemp_C_mean,13,23.03926239013674
gep08,00,2023-09-09,2023-09-22,gcrew,noaa_gefs,08,RH_percent_mean,13,61.35855007171631
gep08,00,2023-09-09,2023-09-22,gcrew,noaa_gefs,08,Rain_mm_sum,13,0
gep08,00,2023-09-09,2023-09-22,gcrew,noaa_gefs,08,ShortwaveRadiation_Wm2,13,219.75
gep08,00,2023-09-09,2023-09-22,gcrew,noaa_gefs,08,WindSpeed_ms_mean,13,1.8093905060696394
gep08,00,2023-09-09,2023-09-23,gcrew,noaa_gefs,08,AirTemp_C_mean,14,22.375588989257835
gep08,00,2023-09-09,2023-09-23,gcrew,noaa_gefs,08,RH_percent_mean,14,63.70778179168701
gep08,00,2023-09-09,2023-09-23,gcrew,noaa_gefs,08,Rain_mm_sum,14,0
gep08,00,2023-09-09,2023-09-23,gcrew,noaa_gefs,08,ShortwaveRadiation_Wm2,14,232
gep08,00,2023-09-09,2023-09-23,gcrew,noaa_gefs,08,WindSpeed_ms_mean,14,4.553198777918426
gep08,00,2023-09-09,2023-09-24,gcrew,noaa_gefs,08,AirTemp_C_mean,15,21.508035278320335
gep08,00,2023-09-09,2023-09-24,gcrew,noaa_gefs,08,RH_percent_mean,15,75.4688196182251
gep08,00,2023-09-09,2023-09-24,gcrew,noaa_gefs,08,Rain_mm_sum,15,0.20000000298023224
gep08,00,2023-09-09,2023-09-24,gcrew,noaa_gefs,08,ShortwaveRadiation_Wm2,15,161
gep08,00,2023-09-09,2023-09-24,gcrew,noaa_gefs,08,WindSpeed_ms_mean,15,5.2646868981549435
gep08,00,2023-09-09,2023-09-25,gcrew,noaa_gefs,08,AirTemp_C_mean,16,22.39338836669924
gep08,00,2023-09-09,2023-09-25,gcrew,noaa_gefs,08,RH_percent_mean,16,80.72414588928223
gep08,00,2023-09-09,2023-09-25,gcrew,noaa_gefs,08,Rain_mm_sum,16,0.700000025331974
gep08,00,2023-09-09,2023-09-25,gcrew,noaa_gefs,08,ShortwaveRadiation_Wm2,16,134.25
gep08,00,2023-09-09,2023-09-25,gcrew,noaa_gefs,08,WindSpeed_ms_mean,16,3.9959241047420417
gep08,00,2023-09-09,2023-09-26,gcrew,noaa_gefs,08,AirTemp_C_mean,17,21.122277832031273
gep08,00,2023-09-09,2023-09-26,gcrew,noaa_gefs,08,RH_percent_mean,17,91.78124618530273
gep08,00,2023-09-09,2023-09-26,gcrew,noaa_gefs,08,Rain_mm_sum,17,17.700000673532486
gep08,00,2023-09-09,2023-09-26,gcrew,noaa_gefs,08,ShortwaveRadiation_Wm2,17,71.75
gep08,00,2023-09-09,2023-09-26,gcrew,noaa_gefs,08,WindSpeed_ms_mean,17,4.524560070543811
gep08,00,2023-09-09,2023-09-27,gcrew,noaa_gefs,08,AirTemp_C_mean,18,21.53302917480471
gep08,00,2023-09-09,2023-09-27,gcrew,noaa_gefs,08,RH_percent_mean,18,94.12124061584473
gep08,00,2023-09-09,2023-09-27,gcrew,noaa_gefs,08,Rain_mm_sum,18,26.30000001192093
gep08,00,2023-09-09,2023-09-27,gcrew,noaa_gefs,08,ShortwaveRadiation_Wm2,18,45
gep08,00,2023-09-09,2023-09-27,gcrew,noaa_gefs,08,WindSpeed_ms_mean,18,3.4376454204120614
gep08,00,2023-09-09,2023-09-28,gcrew,noaa_gefs,08,AirTemp_C_mean,19,21.010675048828148
gep08,00,2023-09-09,2023-09-28,gcrew,noaa_gefs,08,RH_percent_mean,19,92.565582275390625
gep08,00,2023-09-09,2023-09-28,gcrew,noaa_gefs,08,Rain_mm_sum,19,16.90000021457672
gep08,00,2023-09-09,2023-09-28,gcrew,noaa_gefs,08,ShortwaveRadiation_Wm2,19,77
gep08,00,2023-09-09,2023-09-28,gcrew,noaa_gefs,08,WindSpeed_ms_mean,19,4.072877205063392
gep08,00,2023-09-09,2023-09-29,gcrew,noaa_gefs,08,AirTemp_C_mean,20,15.901658630371116
gep08,00,2023-09-09,2023-09-29,gcrew,noaa_gefs,08,RH_percent_mean,20,89.57869911193848
gep08,00,2023-09-09,2023-09-29,gcrew,noaa_gefs,08,Rain_mm_sum,20,13.20000046491623
gep08,00,2023-09-09,2023-09-29,gcrew,noaa_gefs,08,ShortwaveRadiation_Wm2,20,10
gep08,00,2023-09-09,2023-09-29,gcrew,noaa_gefs,08,WindSpeed_ms_mean,20,10.247166260311577
gep08,00,2023-09-09,2023-09-30,gcrew,noaa_gefs,08,AirTemp_C_mean,21,16.05395660400393
gep08,00,2023-09-09,2023-09-30,gcrew,noaa_gefs,08,RH_percent_mean,21,83.6533432006836
gep08,00,2023-09-09,2023-09-30,gcrew,noaa_gefs,08,Rain_mm_sum,21,2.200000062584877
gep08,00,2023-09-09,2023-09-30,gcrew,noaa_gefs,08,ShortwaveRadiation_Wm2,21,40.75
gep08,00,2023-09-09,2023-09-30,gcrew,noaa_gefs,08,WindSpeed_ms_mean,21,6.540632340833415
gep08,00,2023-09-09,2023-10-01,gcrew,noaa_gefs,08,AirTemp_C_mean,22,16.407647705078148
gep08,00,2023-09-09,2023-10-01,gcrew,noaa_gefs,08,RH_percent_mean,22,57.9601993560791
gep08,00,2023-09-09,2023-10-01,gcrew,noaa_gefs,08,Rain_mm_sum,22,0
gep08,00,2023-09-09,2023-10-01,gcrew,noaa_gefs,08,ShortwaveRadiation_Wm2,22,211.75
gep08,00,2023-09-09,2023-10-01,gcrew,noaa_gefs,08,WindSpeed_ms_mean,22,5.751839360697048
gep08,00,2023-09-09,2023-10-02,gcrew,noaa_gefs,08,AirTemp_C_mean,23,14.778672790527366
gep08,00,2023-09-09,2023-10-02,gcrew,noaa_gefs,08,RH_percent_mean,23,52.730899810791016
gep08,00,2023-09-09,2023-10-02,gcrew,noaa_gefs,08,Rain_mm_sum,23,0
gep08,00,2023-09-09,2023-10-02,gcrew,noaa_gefs,08,ShortwaveRadiation_Wm2,23,213
gep08,00,2023-09-09,2023-10-02,gcrew,noaa_gefs,08,WindSpeed_ms_mean,23,2.8789626857426764
gep08,00,2023-09-09,2023-10-03,gcrew,noaa_gefs,08,AirTemp_C_mean,24,19.176812744140648
gep08,00,2023-09-09,2023-10-03,gcrew,noaa_gefs,08,RH_percent_mean,24,79.48908996582031
gep08,00,2023-09-09,2023-10-03,gcrew,noaa_gefs,08,Rain_mm_sum,24,0
gep08,00,2023-09-09,2023-10-03,gcrew,noaa_gefs,08,ShortwaveRadiation_Wm2,24,204.5
gep08,00,2023-09-09,2023-10-03,gcrew,noaa_gefs,08,WindSpeed_ms_mean,24,2.91516139807672
gep08,00,2023-09-09,2023-10-04,gcrew,noaa_gefs,08,AirTemp_C_mean,25,22.34058532714846
gep08,00,2023-09-09,2023-10-04,gcrew,noaa_gefs,08,RH_percent_mean,25,75.36294078826904
gep08,00,2023-09-09,2023-10-04,gcrew,noaa_gefs,08,Rain_mm_sum,25,0
gep08,00,2023-09-09,2023-10-04,gcrew,noaa_gefs,08,ShortwaveRadiation_Wm2,25,210.75
gep08,00,2023-09-09,2023-10-04,gcrew,noaa_gefs,08,WindSpeed_ms_mean,25,2.9960568170531348
gep08,00,2023-09-09,2023-10-05,gcrew,noaa_gefs,08,AirTemp_C_mean,26,21.978173828125023
gep08,00,2023-09-09,2023-10-05,gcrew,noaa_gefs,08,RH_percent_mean,26,62.96555137634277
gep08,00,2023-09-09,2023-10-05,gcrew,noaa_gefs,08,Rain_mm_sum,26,0.30000000447034836
gep08,00,2023-09-09,2023-10-05,gcrew,noaa_gefs,08,ShortwaveRadiation_Wm2,26,181
gep08,00,2023-09-09,2023-10-05,gcrew,noaa_gefs,08,WindSpeed_ms_mean,26,5.094556622266271
gep08,00,2023-09-09,2023-10-06,gcrew,noaa_gefs,08,AirTemp_C_mean,27,17.76600799560549
gep08,00,2023-09-09,2023-10-06,gcrew,noaa_gefs,08,RH_percent_mean,27,66.44743537902832
gep08,00,2023-09-09,2023-10-06,gcrew,noaa_gefs,08,Rain_mm_sum,27,0
gep08,00,2023-09-09,2023-10-06,gcrew,noaa_gefs,08,ShortwaveRadiation_Wm2,27,141
gep08,00,2023-09-09,2023-10-06,gcrew,noaa_gefs,08,WindSpeed_ms_mean,27,4.729005513864134
gep08,00,2023-09-09,2023-10-07,gcrew,noaa_gefs,08,AirTemp_C_mean,28,16.294488525390648
gep08,00,2023-09-09,2023-10-07,gcrew,noaa_gefs,08,RH_percent_mean,28,53.386996269226074
gep08,00,2023-09-09,2023-10-07,gcrew,noaa_gefs,08,Rain_mm_sum,28,0
gep08,00,2023-09-09,2023-10-07,gcrew,noaa_gefs,08,ShortwaveRadiation_Wm2,28,189.75
gep08,00,2023-09-09,2023-10-07,gcrew,noaa_gefs,08,WindSpeed_ms_mean,28,3.770817246533188
gep08,00,2023-09-09,2023-10-08,gcrew,noaa_gefs,08,AirTemp_C_mean,29,16.038568115234398
gep08,00,2023-09-09,2023-10-08,gcrew,noaa_gefs,08,RH_percent_mean,29,62.47337341308594
gep08,00,2023-09-09,2023-10-08,gcrew,noaa_gefs,08,Rain_mm_sum,29,0
gep08,00,2023-09-09,2023-10-08,gcrew,noaa_gefs,08,ShortwaveRadiation_Wm2,29,182
gep08,00,2023-09-09,2023-10-08,gcrew,noaa_gefs,08,WindSpeed_ms_mean,29,4.436974656013027
gep08,00,2023-09-09,2023-10-09,gcrew,noaa_gefs,08,AirTemp_C_mean,30,18.04213104248049
gep08,00,2023-09-09,2023-10-09,gcrew,noaa_gefs,08,RH_percent_mean,30,64.63348579406738
gep08,00,2023-09-09,2023-10-09,gcrew,noaa_gefs,08,Rain_mm_sum,30,0.10000000149011612
gep08,00,2023-09-09,2023-10-09,gcrew,noaa_gefs,08,ShortwaveRadiation_Wm2,30,180.5
gep08,00,2023-09-09,2023-10-09,gcrew,noaa_gefs,08,WindSpeed_ms_mean,30,7.391516267652271
gep08,00,2023-09-09,2023-10-10,gcrew,noaa_gefs,08,AirTemp_C_mean,31,10.97205505371096
gep08,00,2023-09-09,2023-10-10,gcrew,noaa_gefs,08,RH_percent_mean,31,45.596985816955566
gep08,00,2023-09-09,2023-10-10,gcrew,noaa_gefs,08,Rain_mm_sum,31,0
gep08,00,2023-09-09,2023-10-10,gcrew,noaa_gefs,08,ShortwaveRadiation_Wm2,31,209.25
gep08,00,2023-09-09,2023-10-10,gcrew,noaa_gefs,08,WindSpeed_ms_mean,31,4.847591688904462
gep08,00,2023-09-09,2023-10-11,gcrew,noaa_gefs,08,AirTemp_C_mean,32,13.605989074707054
gep08,00,2023-09-09,2023-10-11,gcrew,noaa_gefs,08,RH_percent_mean,32,67.84227752685547
gep08,00,2023-09-09,2023-10-11,gcrew,noaa_gefs,08,Rain_mm_sum,32,0.10000000149011612
gep08,00,2023-09-09,2023-10-11,gcrew,noaa_gefs,08,ShortwaveRadiation_Wm2,32,119
gep08,00,2023-09-09,2023-10-11,gcrew,noaa_gefs,08,WindSpeed_ms_mean,32,4.346613717382562
gep08,00,2023-09-09,2023-10-12,gcrew,noaa_gefs,08,AirTemp_C_mean,33,20.219476318359398
gep08,00,2023-09-09,2023-10-12,gcrew,noaa_gefs,08,RH_percent_mean,33,86.41911506652832
gep08,00,2023-09-09,2023-10-12,gcrew,noaa_gefs,08,Rain_mm_sum,33,0.10000000149011612
gep08,00,2023-09-09,2023-10-12,gcrew,noaa_gefs,08,ShortwaveRadiation_Wm2,33,121
gep08,00,2023-09-09,2023-10-12,gcrew,noaa_gefs,08,WindSpeed_ms_mean,33,6.458461832002699
gep08,00,2023-09-09,2023-10-13,gcrew,noaa_gefs,08,AirTemp_C_mean,34,21.163812255859398
gep08,00,2023-09-09,2023-10-13,gcrew,noaa_gefs,08,RH_percent_mean,34,83.2275333404541
gep08,00,2023-09-09,2023-10-13,gcrew,noaa_gefs,08,Rain_mm_sum,34,26.900000289082527
gep08,00,2023-09-09,2023-10-13,gcrew,noaa_gefs,08,ShortwaveRadiation_Wm2,34,84.75
gep08,00,2023-09-09,2023-10-13,gcrew,noaa_gefs,08,WindSpeed_ms_mean,34,7.309394128531857
gep08,00,2023-09-09,2023-10-14,gcrew,noaa_gefs,08,AirTemp_C_mean,35,17.296502685546898
gep08,00,2023-09-09,2023-10-14,gcrew,noaa_gefs,08,RH_percent_mean,35,54.04242706298828
gep08,00,2023-09-09,2023-10-14,gcrew,noaa_gefs,08,Rain_mm_sum,35,0
gep08,00,2023-09-09,2023-10-14,gcrew,noaa_gefs,08,ShortwaveRadiation_Wm2,35,247
gep08,00,2023-09-09,2023-10-14,gcrew,noaa_gefs,08,WindSpeed_ms_mean,35,7.0066434777233235
gep09,00,2023-09-09,2023-09-09,gcrew,noaa_gefs,09,AirTemp_C_mean,0,24.57565133231029
gep09,00,2023-09-09,2023-09-09,gcrew,noaa_gefs,09,RH_percent_mean,0,81.28700474330357
gep09,00,2023-09-09,2023-09-09,gcrew,noaa_gefs,09,Rain_mm_sum,0,9.989999949932098
gep09,00,2023-09-09,2023-09-09,gcrew,noaa_gefs,09,ShortwaveRadiation_Wm2,0,208.42857142857142
gep09,00,2023-09-09,2023-09-09,gcrew,noaa_gefs,09,WindSpeed_ms_mean,0,2.244640159790602
gep09,00,2023-09-09,2023-09-10,gcrew,noaa_gefs,09,AirTemp_C_mean,1,23.364217376709007
gep09,00,2023-09-09,2023-09-10,gcrew,noaa_gefs,09,RH_percent_mean,1,79.58796691894531
gep09,00,2023-09-09,2023-09-10,gcrew,noaa_gefs,09,Rain_mm_sum,1,2.1700000278651714
gep09,00,2023-09-09,2023-09-10,gcrew,noaa_gefs,09,ShortwaveRadiation_Wm2,1,106
gep09,00,2023-09-09,2023-09-10,gcrew,noaa_gefs,09,WindSpeed_ms_mean,1,2.0001020501904465
gep09,00,2023-09-09,2023-09-11,gcrew,noaa_gefs,09,AirTemp_C_mean,2,23.99094161987307
gep09,00,2023-09-09,2023-09-11,gcrew,noaa_gefs,09,RH_percent_mean,2,76.6868748664856
gep09,00,2023-09-09,2023-09-11,gcrew,noaa_gefs,09,Rain_mm_sum,2,14.520000278949738
gep09,00,2023-09-09,2023-09-11,gcrew,noaa_gefs,09,ShortwaveRadiation_Wm2,2,236.125
gep09,00,2023-09-09,2023-09-11,gcrew,noaa_gefs,09,WindSpeed_ms_mean,2,1.2761169694246208
gep09,00,2023-09-09,2023-09-12,gcrew,noaa_gefs,09,AirTemp_C_mean,3,24.883412933349632
gep09,00,2023-09-09,2023-09-12,gcrew,noaa_gefs,09,RH_percent_mean,3,71.71621131896973
gep09,00,2023-09-09,2023-09-12,gcrew,noaa_gefs,09,Rain_mm_sum,3,5.510000050067902
gep09,00,2023-09-09,2023-09-12,gcrew,noaa_gefs,09,ShortwaveRadiation_Wm2,3,235.5
gep09,00,2023-09-09,2023-09-12,gcrew,noaa_gefs,09,WindSpeed_ms_mean,3,2.631870711383254
gep09,00,2023-09-09,2023-09-13,gcrew,noaa_gefs,09,AirTemp_C_mean,4,22.81793365478518
gep09,00,2023-09-09,2023-09-13,gcrew,noaa_gefs,09,RH_percent_mean,4,73.45065355300903
gep09,00,2023-09-09,2023-09-13,gcrew,noaa_gefs,09,Rain_mm_sum,4,13.47999992966652
gep09,00,2023-09-09,2023-09-13,gcrew,noaa_gefs,09,ShortwaveRadiation_Wm2,4,134.25
gep09,00,2023-09-09,2023-09-13,gcrew,noaa_gefs,09,WindSpeed_ms_mean,4,3.913124752342366
gep09,00,2023-09-09,2023-09-14,gcrew,noaa_gefs,09,AirTemp_C_mean,5,21.205693817138695
gep09,00,2023-09-09,2023-09-14,gcrew,noaa_gefs,09,RH_percent_mean,5,50.70257902145386
gep09,00,2023-09-09,2023-09-14,gcrew,noaa_gefs,09,Rain_mm_sum,5,0.20000000298023224
gep09,00,2023-09-09,2023-09-14,gcrew,noaa_gefs,09,ShortwaveRadiation_Wm2,5,266.875
gep09,00,2023-09-09,2023-09-14,gcrew,noaa_gefs,09,WindSpeed_ms_mean,5,3.7478175500416757
gep09,00,2023-09-09,2023-09-15,gcrew,noaa_gefs,09,AirTemp_C_mean,6,20.683343505859398
gep09,00,2023-09-09,2023-09-15,gcrew,noaa_gefs,09,RH_percent_mean,6,51.90177011489868
gep09,00,2023-09-09,2023-09-15,gcrew,noaa_gefs,09,Rain_mm_sum,6,0
gep09,00,2023-09-09,2023-09-15,gcrew,noaa_gefs,09,ShortwaveRadiation_Wm2,6,267.125
gep09,00,2023-09-09,2023-09-15,gcrew,noaa_gefs,09,WindSpeed_ms_mean,6,4.967512346372693
gep09,00,2023-09-09,2023-09-16,gcrew,noaa_gefs,09,AirTemp_C_mean,7,21.02536544799807
gep09,00,2023-09-09,2023-09-16,gcrew,noaa_gefs,09,RH_percent_mean,7,53.187461853027344
gep09,00,2023-09-09,2023-09-16,gcrew,noaa_gefs,09,Rain_mm_sum,7,0
gep09,00,2023-09-09,2023-09-16,gcrew,noaa_gefs,09,ShortwaveRadiation_Wm2,7,267.25
gep09,00,2023-09-09,2023-09-16,gcrew,noaa_gefs,09,WindSpeed_ms_mean,7,4.777442492071275
gep09,00,2023-09-09,2023-09-17,gcrew,noaa_gefs,09,AirTemp_C_mean,8,21.546594238281273
gep09,00,2023-09-09,2023-09-17,gcrew,noaa_gefs,09,RH_percent_mean,8,53.33281660079956
gep09,00,2023-09-09,2023-09-17,gcrew,noaa_gefs,09,Rain_mm_sum,8,0
gep09,00,2023-09-09,2023-09-17,gcrew,noaa_gefs,09,ShortwaveRadiation_Wm2,8,259.625
gep09,00,2023-09-09,2023-09-17,gcrew,noaa_gefs,09,WindSpeed_ms_mean,8,1.228218844842356
gep09,00,2023-09-09,2023-09-18,gcrew,noaa_gefs,09,AirTemp_C_mean,9,22.745000457763695
gep09,00,2023-09-09,2023-09-18,gcrew,noaa_gefs,09,RH_percent_mean,9,58.80604076385498
gep09,00,2023-09-09,2023-09-18,gcrew,noaa_gefs,09,Rain_mm_sum,9,0.12000000104308128
gep09,00,2023-09-09,2023-09-18,gcrew,noaa_gefs,09,ShortwaveRadiation_Wm2,9,171.375
gep09,00,2023-09-09,2023-09-18,gcrew,noaa_gefs,09,WindSpeed_ms_mean,9,3.6700750408084533
gep09,00,2023-09-09,2023-09-19,gcrew,noaa_gefs,09,AirTemp_C_mean,10,21.85382232666018
gep09,00,2023-09-09,2023-09-19,gcrew,noaa_gefs,09,RH_percent_mean,10,51.910043716430664
gep09,00,2023-09-09,2023-09-19,gcrew,noaa_gefs,09,Rain_mm_sum,10,0
gep09,00,2023-09-09,2023-09-19,gcrew,noaa_gefs,09,ShortwaveRadiation_Wm2,10,222.75
gep09,00,2023-09-09,2023-09-19,gcrew,noaa_gefs,09,WindSpeed_ms_mean,10,4.17428520665981
gep09,00,2023-09-09,2023-09-20,gcrew,noaa_gefs,09,AirTemp_C_mean,11,20.50086364746096
gep09,00,2023-09-09,2023-09-20,gcrew,noaa_gefs,09,RH_percent_mean,11,56.514787673950195
gep09,00,2023-09-09,2023-09-20,gcrew,noaa_gefs,09,Rain_mm_sum,11,0
gep09,00,2023-09-09,2023-09-20,gcrew,noaa_gefs,09,ShortwaveRadiation_Wm2,11,223.75
gep09,00,2023-09-09,2023-09-20,gcrew,noaa_gefs,09,WindSpeed_ms_mean,11,3.8783071905583006
gep09,00,2023-09-09,2023-09-21,gcrew,noaa_gefs,09,AirTemp_C_mean,12,21.212396240234398
gep09,00,2023-09-09,2023-09-21,gcrew,noaa_gefs,09,RH_percent_mean,12,57.83141326904297
gep09,00,2023-09-09,2023-09-21,gcrew,noaa_gefs,09,Rain_mm_sum,12,0
gep09,00,2023-09-09,2023-09-21,gcrew,noaa_gefs,09,ShortwaveRadiation_Wm2,12,217.75
gep09,00,2023-09-09,2023-09-21,gcrew,noaa_gefs,09,WindSpeed_ms_mean,12,3.3514963749039914
gep09,00,2023-09-09,2023-09-22,gcrew,noaa_gefs,09,AirTemp_C_mean,13,23.03926239013674
gep09,00,2023-09-09,2023-09-22,gcrew,noaa_gefs,09,RH_percent_mean,13,61.35855007171631
gep09,00,2023-09-09,2023-09-22,gcrew,noaa_gefs,09,Rain_mm_sum,13,0
gep09,00,2023-09-09,2023-09-22,gcrew,noaa_gefs,09,ShortwaveRadiation_Wm2,13,219.75
gep09,00,2023-09-09,2023-09-22,gcrew,noaa_gefs,09,WindSpeed_ms_mean,13,1.8093905060696394
gep09,00,2023-09-09,2023-09-23,gcrew,noaa_gefs,09,AirTemp_C_mean,14,22.375588989257835
gep09,00,2023-09-09,2023-09-23,gcrew,noaa_gefs,09,RH_percent_mean,14,63.70778179168701
gep09,00,2023-09-09,2023-09-23,gcrew,noaa_gefs,09,Rain_mm_sum,14,0
gep09,00,2023-09-09,2023-09-23,gcrew,noaa_gefs,09,ShortwaveRadiation_Wm2,14,232
gep09,00,2023-09-09,2023-09-23,gcrew,noaa_gefs,09,WindSpeed_ms_mean,14,4.553198777918426
gep09,00,2023-09-09,2023-09-24,gcrew,noaa_gefs,09,AirTemp_C_mean,15,21.508035278320335
gep09,00,2023-09-09,2023-09-24,gcrew,noaa_gefs,09,RH_percent_mean,15,75.4688196182251
gep09,00,2023-09-09,2023-09-24,gcrew,noaa_gefs,09,Rain_mm_sum,15,0.20000000298023224
gep09,00,2023-09-09,2023-09-24,gcrew,noaa_gefs,09,ShortwaveRadiation_Wm2,15,161
gep09,00,2023-09-09,2023-09-24,gcrew,noaa_gefs,09,WindSpeed_ms_mean,15,5.2646868981549435
gep09,00,2023-09-09,2023-09-25,gcrew,noaa_gefs,09,AirTemp_C_mean,16,22.39338836669924
gep09,00,2023-09-09,2023-09-25,gcrew,noaa_gefs,09,RH_percent_mean,16,80.72414588928223
gep09,00,2023-09-09,2023-09-25,gcrew,noaa_gefs,09,Rain_mm_sum,16,0.700000025331974
gep09,00,2023-09-09,2023-09-25,gcrew,noaa_gefs,09,ShortwaveRadiation_Wm2,16,134.25
gep09,00,2023-09-09,2023-09-25,gcrew,noaa_gefs,09,WindSpeed_ms_mean,16,3.9959241047420417
gep09,00,2023-09-09,2023-09-26,gcrew,noaa_gefs,09,AirTemp_C_mean,17,21.122277832031273
gep09,00,2023-09-09,2023-09-26,gcrew,noaa_gefs,09,RH_percent_mean,17,91.78124618530273
gep09,00,2023-09-09,2023-09-26,gcrew,noaa_gefs,09,Rain_mm_sum,17,17.700000673532486
gep09,00,2023-09-09,2023-09-26,gcrew,noaa_gefs,09,ShortwaveRadiation_Wm2,17,71.75
gep09,00,2023-09-09,2023-09-26,gcrew,noaa_gefs,09,WindSpeed_ms_mean,17,4.524560070543811
gep09,00,2023-09-09,2023-09-27,gcrew,noaa_gefs,09,AirTemp_C_mean,18,21.53302917480471
gep09,00,2023-09-09,2023-09-27,gcrew,noaa_gefs,09,RH_percent_mean,18,94.12124061584473
gep09,00,2023-09-09,2023-09-27,gcrew,noaa_gefs,09,Rain_mm_sum,18,26.30000001192093
gep09,00,2023-09-09,2023-09-27,gcrew,noaa_gefs,09,ShortwaveRadiation_Wm2,18,45
gep09,00,2023-09-09,2023-09-27,gcrew,noaa_gefs,09,WindSpeed_ms_mean,18,3.4376454204120614
gep09,00,2023-09-09,2023-09-28,gcrew,noaa_gefs,09,AirTemp_C_mean,19,21.010675048828148
gep09,00,2023-09-09,2023-09-28,gcrew,noaa_gefs,09,RH_percent_mean,19,92.565582275390625
gep09,00,2023-09-09,2023-09-28,gcrew,noaa_gefs,09,Rain_mm_sum,19,16.90000021457672
gep09,00,2023-09-09,2023-09-28,gcrew,noaa_gefs,09,ShortwaveRadiation_Wm2,19,77
gep09,00,2023-09-09,2023-09-28,gcrew,noaa_gefs,09,WindSpeed_ms_mean,19,4.072877205063392
gep09,00,2023-09-09,2023-09-29,gcrew,noaa_gefs,09,AirTemp_C_mean,20,15.901658630371116
gep09,00,2023-09-09,2023-09-29,gcrew,noaa_gefs,09,RH_percent_mean,20,89.57869911193848
gep09,00,2023-09-09,2023-09-29,gcrew,noaa_gefs,09,Rain_mm_sum,20,13.20000046491623
gep09,00,2023-09-09,2023-09-29,gcrew,noaa_gefs,09,ShortwaveRadiation_Wm2,20,10
gep09,00,2023-09-09,2023-09-29,gcrew,noaa_gefs,09,WindSpeed_ms_mean,20,10.247166260311577
gep09,00,2023-09-09,2023-09-30,gcrew,noaa_gefs,09,AirTemp_C_mean,21,16.05395660400393
gep09,00,2023-09-09,2023-09-30,gcrew,noaa_gefs,09,RH_percent_mean,21,83.6533432006836
gep09,00,2023-09-09,2023-09-30,gcrew,noaa_gefs,09,Rain_mm_sum,21,2.200000062584877
gep09,00,2023-09-09,2023-09-30,gcrew,noaa_gefs,09,ShortwaveRadiation_Wm2,21,40.75
gep09,00,2023-09-09,2023-09-30,gcrew,noaa_gefs,09,WindSpeed_ms_mean,21,6.540632340833415
gep09,00,2023-09-09,2023-10-01,gcrew,noaa_gefs,09,AirTemp_C_mean,22,16.407647705078148
gep09,00,2023-09-09,2023-10-01,gcrew,noaa_gefs,09,RH_percent_mean,22,57.9601993560791
gep09,00,2023-09-09,2023-10-01,gcrew,noaa_gefs,09,Rain_mm_sum,22,0
gep09,00,2023-09-09,2023-10-01,gcrew,noaa_gefs,09,ShortwaveRadiation_Wm2,22,211.75
gep09,00,2023-09-09,2023-10-01,gcrew,noaa_gefs,09,WindSpeed_ms_mean,22,5.751839360697048
gep09,00,2023-09-09,2023-10-02,gcrew,noaa_gefs,09,AirTemp_C_mean,23,14.778672790527366
gep09,00,2023-09-09,2023-10-02,gcrew,noaa_gefs,09,RH_percent_mean,23,52.730899810791016
gep09,00,2023-09-09,2023-10-02,gcrew,noaa_gefs,09,Rain_mm_sum,23,0
gep09,00,2023-09-09,2023-10-02,gcrew,noaa_gefs,09,ShortwaveRadiation_Wm2,23,213
gep09,00,2023-09-09,2023-10-02,gcrew,noaa_gefs,09,WindSpeed_ms_mean,23,2.8789626857426764
gep09,00,2023-09-09,2023-10-03,gcrew,noaa_gefs,09,AirTemp_C_mean,24,19.176812744140648
gep09,00,2023-09-09,2023-10-03,gcrew,noaa_gefs,09,RH_percent_mean,24,79.48908996582031
gep09,00,2023-09-09,2023-10-03,gcrew,noaa_gefs,09,Rain_mm_sum,24,0
gep09,00,2023-09-09,2023-10-03,gcrew,noaa_gefs,09,ShortwaveRadiation_Wm2,24,204.5
gep09,00,2023-09-09,2023-10-03,gcrew,noaa_gefs,09,WindSpeed_ms_mean,24,2.91516139807672
gep09,00,2023-09-09,2023-10-04,gcrew,noaa_gefs,09,AirTemp_C_mean,25,22.34058532714846
gep09,00,2023-09-09,2023-10-04,gcrew,noaa_gefs,09,RH_percent_mean,25,75.36294078826904
gep09,00,2023-09-09,2023-10-04,gcrew,noaa_gefs,09,Rain_mm_sum,25,0
gep09,00,2023-09-09,2023-10-04,gcrew,noaa_gefs,09,ShortwaveRadiation_Wm2,25,210.75
gep09,00,2023-09-09,2023-10-04,gcrew,noaa_gefs,09,WindSpeed_ms_mean,25,2.9960568170531348
gep09,00,2023-09-09,2023-10-05,gcrew,noaa_gefs,09,AirTemp_C_mean,26,21.978173828125023
gep09,00,2023-09-09,2023-10-05,gcrew,noaa_gefs,09,RH_percent_mean,26,62.96555137634277
gep09,00,2023-09-09,2023-10-05,gcrew,noaa_gefs,09,Rain_mm_sum,26,0.30000000447034836
gep09,00,2023-09-09,2023-10-05,gcrew,noaa_gefs,09,ShortwaveRadiation_Wm2,26,181
gep09,00,2023-09-09,2023-10-05,gcrew,noaa_gefs,09,WindSpeed_ms_mean,26,5.094556622266271
gep09,00,2023-09-09,2023-10-06,gcrew,noaa_gefs,09,AirTemp_C_mean,27,17.76600799560549
gep09,00,2023-09-09,2023-10-06,gcrew,noaa_gefs,09,RH_percent_mean,27,66.44743537902832
gep09,00,2023-09-09,2023-10-06,gcrew,noaa_gefs,09,Rain_mm_sum,27,0
gep09,00,2023-09-09,2023-10-06,gcrew,noaa_gefs,09,ShortwaveRadiation_Wm2,27,141
gep09,00,2023-09-09,2023-10-06,gcrew,noaa_gefs,09,WindSpeed_ms_mean,27,4.729005513864134
gep09,00,2023-09-09,2023-10-07,gcrew,noaa_gefs,09,AirTemp_C_mean,28,16.294488525390648
gep09,00,2023-09-09,2023-10-07,gcrew,noaa_gefs,09,RH_percent_mean,28,53.386996269226074
gep09,00,2023-09-09,2023-10-07,gcrew,noaa_gefs,09,Rain_mm_sum,28,0
gep09,00,2023-09-09,2023-10-07,gcrew,noaa_gefs,09,ShortwaveRadiation_Wm2,28,189.75
gep09,00,2023-09-09,2023-10-07,gcrew,noaa_gefs,09,WindSpeed_ms_mean,28,3.770817246533188
gep09,00,2023-09-09,2023-10-08,gcrew,noaa_gefs,09,AirTemp_C_mean,29,16.038568115234398
gep09,00,2023-09-09,2023-10-08,gcrew,noaa_gefs,09,RH_percent_mean,29,62.47337341308594
gep09,00,2023-09-09,2023-10-08,gcrew,noaa_gefs,09,Rain_mm_sum,29,0
gep09,00,2023-09-09,2023-10-08,gcrew,noaa_gefs,09,ShortwaveRadiation_Wm2,29,182
gep09,00,2023-09-09,2023-10-08,gcrew,noaa_gefs,09,WindSpeed_ms_mean,29,4.436974656013027
gep09,00,2023-09-09,2023-10-09,gcrew,noaa_gefs,09,AirTemp_C_mean,30,18.04213104248049
gep09,00,2023-09-09,2023-10-09,gcrew,noaa_gefs,09,RH_percent_mean,30,64.63348579406738
gep09,00,2023-09-09,2023-10-09,gcrew,noaa_gefs,09,Rain_mm_sum,30,0.10000000149011612
gep09,00,2023-09-09,2023-10-09,gcrew,noaa_gefs,09,ShortwaveRadiation_Wm2,30,180.5
gep09,00,2023-09-09,2023-10-09,gcrew,noaa_gefs,09,WindSpeed_ms_mean,30,7.391516267652271
gep09,00,2023-09-09,2023-10-10,gcrew,noaa_gefs,09,AirTemp_C_mean,31,10.97205505371096
gep09,00,2023-09-09,2023-10-10,gcrew,noaa_gefs,09,RH_percent_mean,31,45.596985816955566
gep09,00,2023-09-09,2023-10-10,gcrew,noaa_gefs,09,Rain_mm_sum,31,0
gep09,00,2023-09-09,2023-10-10,gcrew,noaa_gefs,09,ShortwaveRadiation_Wm2,31,209.25
gep09,00,2023-09-09,2023-10-10,gcrew,noaa_gefs,09,WindSpeed_ms_mean,31,4.847591688904462
gep09,00,2023-09-09,2023-10-11,gcrew,noaa_gefs,09,AirTemp_C_mean,32,13.605989074707054
gep09,00,2023-09-09,2023-10-11,gcrew,noaa_gefs,09,RH_percent_mean,32,67.84227752685547
gep09,00,2023-09-09,2023-10-11,gcrew,noaa_gefs,09,Rain_mm_sum,32,0.10000000149011612
gep09,00,2023-09-09,2023-10-11,gcrew,noaa_gefs,09,ShortwaveRadiation_Wm2,32,119
gep09,00,2023-09-09,2023-10-11,gcrew,noaa_gefs,09,WindSpeed_ms_mean,32,4.346613717382562
gep09,00,2023-09-09,2023-10-12,gcrew,noaa_gefs,09,AirTemp_C_mean,33,20.219476318359398
gep09,00,2023-09-09,2023-10-12,gcrew,noaa_gefs,09,RH_percent_mean,33,86.41911506652832
gep09,00,2023-09-09,2023-10-12,gcrew,noaa_gefs,09,Rain_mm_sum,33,0.10000000149011612
gep09,00,2023-09-09,2023-10-12,gcrew,noaa_gefs,09,ShortwaveRadiation_Wm2,33,121
gep09,00,2023-09-09,2023-10-12,gcrew,noaa_gefs,09,WindSpeed_ms_mean,33,6.458461832002699
gep09,00,2023-09-09,2023-10-13,gcrew,noaa_gefs,09,AirTemp_C_mean,34,21.163812255859398
gep09,00,2023-09-09,2023-10-13,gcrew,noaa_gefs,09,RH_percent_mean,34,83.2275333404541
gep09,00,2023-09-09,2023-10-13,gcrew,noaa_gefs,09,Rain_mm_sum,34,26.900000289082527
gep09,00,2023-09-09,2023-10-13,gcrew,noaa_gefs,09,ShortwaveRadiation_Wm2,34,84.75
gep09,00,2023-09-09,2023-10-13,gcrew,noaa_gefs,09,WindSpeed_ms_mean,34,7.309394128531857
gep09,00,2023-09-09,2023-10-14,gcrew,noaa_gefs,09,AirTemp_C_mean,35,17.296502685546898
gep09,00,2023-09-09,2023-10-14,gcrew,noaa_gefs,09,RH_percent_mean,35,54.04242706298828
gep09,00,2023-09-09,2023-10-14,gcrew,noaa_gefs,09,Rain_mm_sum,35,0
gep09,00,2023-09-09,2023-10-14,gcrew,noaa_gefs,09,ShortwaveRadiation_Wm2,35,247
gep09,00,2023-09-09,2023-10-14,gcrew,noaa_gefs,09,WindSpeed_ms_mean,35,7.0066434777233235
gep10,00,2023-09-09,2023-09-09,gcrew,noaa_gefs,10,AirTemp_C_mean,0,24.57565133231029
gep10,00,2023-09-09,2023-09-09,gcrew,noaa_gefs,10,RH_percent_mean,0,81.28700474330357
gep10,00,2023-09-09,2023-09-09,gcrew,noaa_gefs,10,Rain_mm_sum,0,9.989999949932098
gep10,00,2023-09-09,2023-09-09,gcrew,noaa_gefs,10,ShortwaveRadiation_Wm2,0,208.42857142857142
gep10,00,2023-09-09,2023-09-09,gcrew,noaa_gefs,10,WindSpeed_ms_mean,0,2.244640159790602
gep10,00,2023-09-09,2023-09-10,gcrew,noaa_gefs,10,AirTemp_C_mean,1,23.364217376709007
gep10,00,2023-09-09,2023-09-10,gcrew,noaa_gefs,10,RH_percent_mean,1,79.58796691894531
gep10,00,2023-09-09,2023-09-10,gcrew,noaa_gefs,10,Rain_mm_sum,1,2.1700000278651714
gep10,00,2023-09-09,2023-09-10,gcrew,noaa_gefs,10,ShortwaveRadiation_Wm2,1,106
gep10,00,2023-09-09,2023-09-10,gcrew,noaa_gefs,10,WindSpeed_ms_mean,1,2.0001020501904465
gep10,00,2023-09-09,2023-09-11,gcrew,noaa_gefs,10,AirTemp_C_mean,2,23.99094161987307
gep10,00,2023-09-09,2023-09-11,gcrew,noaa_gefs,10,RH_percent_mean,2,76.6868748664856
gep10,00,2023-09-09,2023-09-11,gcrew,noaa_gefs,10,Rain_mm_sum,2,14.520000278949738
gep10,00,2023-09-09,2023-09-11,gcrew,noaa_gefs,10,ShortwaveRadiation_Wm2,2,236.125
gep10,00,2023-09-09,2023-09-11,gcrew,noaa_gefs,10,WindSpeed_ms_mean,2,1.2761169694246208
gep10,00,2023-09-09,2023-09-12,gcrew,noaa_gefs,10,AirTemp_C_mean,3,24.883412933349632
gep10,00,2023-09-09,2023-09-12,gcrew,noaa_gefs,10,RH_percent_mean,3,71.71621131896973
gep10,00,2023-09-09,2023-09-12,gcrew,noaa_gefs,10,Rain_mm_sum,3,5.510000050067902
gep10,00,2023-09-09,2023-09-12,gcrew,noaa_gefs,10,ShortwaveRadiation_Wm2,3,235.5
gep10,00,2023-09-09,2023-09-12,gcrew,noaa_gefs,10,WindSpeed_ms_mean,3,2.631870711383254
gep10,00,2023-09-09,2023-09-13,gcrew,noaa_gefs,10,AirTemp_C_mean,4,22.81793365478518
gep10,00,2023-09-09,2023-09-13,gcrew,noaa_gefs,10,RH_percent_mean,4,73.45065355300903
gep10,00,2023-09-09,2023-09-13,gcrew,noaa_gefs,10,Rain_mm_sum,4,13.47999992966652
gep10,00,2023-09-09,2023-09-13,gcrew,noaa_gefs,10,ShortwaveRadiation_Wm2,4,134.25
gep10,00,2023-09-09,2023-09-13,gcrew,noaa_gefs,10,WindSpeed_ms_mean,4,3.913124752342366
gep10,00,2023-09-09,2023-09-14,gcrew,noaa_gefs,10,AirTemp_C_mean,5,21.205693817138695
gep10,00,2023-09-09,2023-09-14,gcrew,noaa_gefs,10,RH_percent_mean,5,50.70257902145386
gep10,00,2023-09-09,2023-09-14,gcrew,noaa_gefs,10,Rain_mm_sum,5,0.20000000298023224
gep10,00,2023-09-09,2023-09-14,gcrew,noaa_gefs,10,ShortwaveRadiation_Wm2,5,266.875
gep10,00,2023-09-09,2023-09-14,gcrew,noaa_gefs,10,WindSpeed_ms_mean,5,3.7478175500416757
gep10,00,2023-09-09,2023-09-15,gcrew,noaa_gefs,10,AirTemp_C_mean,6,20.683343505859398
gep10,00,2023-09-09,2023-09-15,gcrew,noaa_gefs,10,RH_percent_mean,6,51.90177011489868
gep10,00,2023-09-09,2023-09-15,gcrew,noaa_gefs,10,Rain_mm_sum,6,0
gep10,00,2023-09-09,2023-09-15,gcrew,noaa_gefs,10,ShortwaveRadiation_Wm2,6,267.125
gep10,00,2023-09-09,2023-09-15,gcrew,noaa_gefs,10,WindSpeed_ms_mean,6,4.967512346372693
gep10,00,2023-09-09,2023-09-16,gcrew,noaa_gefs,10,AirTemp_C_mean,7,21.02536544799807
gep10,00,2023-09-09,2023-09-16,gcrew,noaa_gefs,10,RH_percent_mean,7,53.187461853027344
gep10,00,2023-09-09,2023-09-16,gcrew,noaa_gefs,10,Rain_mm_sum,7,0
gep10,00,2023-09-09,2023-09-16,gcrew,noaa_gefs,10,ShortwaveRadiation_Wm2,7,267.25
gep10,00,2023-09-09,2023-09-16,gcrew,noaa_gefs,10,WindSpeed_ms_mean,7,4.777442492071275
gep10,00,2023-09-09,2023-09-17,gcrew,noaa_gefs,10,AirTemp_C_mean,8,21.546594238281273
gep10,00,2023-09-09,2023-09-17,gcrew,noaa_gefs,10,RH_percent_mean,8,53.33281660079956
gep10,00,2023-09-09,2023-09-17,gcrew,noaa_gefs,10,Rain_mm_sum,8,0
gep10,00,2023-09-09,2023-09-17,gcrew,noaa_gefs,10,ShortwaveRadiation_Wm2,8,259.625
gep10,00,2023-09-09,2023-09-17,gcrew,noaa_gefs,10,WindSpeed_ms_mean,8,1.228218844842356
gep10,00,2023-09-09,2023-09-18,gcrew,noaa_gefs,10,AirTemp_C_mean,9,22.745000457763695
gep10,00,2023-09-09,2023-09-18,gcrew,noaa_gefs,10,RH_percent_mean,9,58.80604076385498
gep10,00,2023-09-09,2023-09-18,gcrew,noaa_gefs,10,Rain_mm_sum,9,0.12000000104308128
gep10,00,2023-09-09,2023-09-18,gcrew,noaa_gefs,10,ShortwaveRadiation_Wm2,9,171.375
gep10,00,2023-09-09,2023-09-18,gcrew,noaa_gefs,10,WindSpeed_ms_mean,9,3.6700750408084533
gep10,00,2023-09-09,2023-09-19,gcrew,noaa_gefs,10,AirTemp_C_mean,10,21.85382232666018
gep10,00,2023-09-09,2023-09-19,gcrew,noaa_gefs,10,RH_percent_mean,10,51.910043716430664
gep10,00,2023-09-09,2023-09-19,gcrew,noaa_gefs,10,Rain_mm_sum,10,0
gep10,00,2023-09-09,2023-09-19,gcrew,noaa_gefs,10,ShortwaveRadiation_Wm2,10,222.75
gep10,00,2023-09-09,2023-09-19,gcrew,noaa_gefs,10,WindSpeed_ms_mean,10,4.17428520665981
gep10,00,2023-09-09,2023-09-20,gcrew,noaa_gefs,10,AirTemp_C_mean,11,20.50086364746096
gep10,00,2023-09-09,2023-09-20,gcrew,noaa_gefs,10,RH_percent_mean,11,56.514787673950195
gep10,00,2023-09-09,2023-09-20,gcrew,noaa_gefs,10,Rain_mm_sum,11,0
gep10,00,2023-09-09,2023-09-20,gcrew,noaa_gefs,10,ShortwaveRadiation_Wm2,11,223.75
gep10,00,2023-09-09,2023-09-20,gcrew,noaa_gefs,10,WindSpeed_ms_mean,11,3.8783071905583006
gep10,00,2023-09-09,2023-09-21,gcrew,noaa_gefs,10,AirTemp_C_mean,12,21.212396240234398
gep10,00,2023-09-09,2023-09-21,gcrew,noaa_gefs,10,RH_percent_mean,12,57.83141326904297
gep10,00,2023-09-09,2023-09-21,gcrew,noaa_gefs,10,Rain_mm_sum,12,0
gep10,00,2023-09-09,2023-09-21,gcrew,noaa_gefs,10,ShortwaveRadiation_Wm2,12,217.75
gep10,00,2023-09-09,2023-09-21,gcrew,noaa_gefs,10,WindSpeed_ms_mean,12,3.3514963749039914
gep10,00,2023-09-09,2023-09-22,gcrew,noaa_gefs,10,AirTemp_C_mean,13,23.03926239013674
gep10,00,2023-09-09,2023-09-22,gcrew,noaa_gefs,10,RH_percent_mean,13,61.35855007171631
gep10,00,2023-09-09,2023-09-22,gcrew,noaa_gefs,10,Rain_mm_sum,13,0
gep10,00,2023-09-09,2023-09-22,gcrew,noaa_gefs,10,ShortwaveRadiation_Wm2,13,219.75
gep10,00,2023-09-09,2023-09-22,gcrew,noaa_gefs,10,WindSpeed_ms_mean,13,1.8093905060696394
gep10,00,2023-09-09,2023-09-23,gcrew,noaa_gefs,10,AirTemp_C_mean,14,22.375588989257835
gep10,00,2023-09-09,2023-09-23,gcrew,noaa_gefs,10,RH_percent_mean,14,63.70778179168701
gep10,00,2023-09-09,2023-09-23,gcrew,noaa_gefs,10,Rain_mm_sum,14,0
gep10,00,2023-09-09,2023-09-23,gcrew,noaa_gefs,10,ShortwaveRadiation_Wm2,14,232
gep10,00,2023-09-09,2023-09-23,gcrew,noaa_gefs,10,WindSpeed_ms_mean,14,4.553198777918426
gep10,00,2023-09-09,2023-09-24,gcrew,noaa_gefs,10,AirTemp_C_mean,15,21.508035278320335
gep10,00,2023-09-09,2023-09-24,gcrew,noaa_gefs,10,RH_percent_mean,15,75.4688196182251
gep10,00,2023-09-09,2023-09-24,gcrew,noaa_gefs,10,Rain_mm_sum,15,0.20000000298023224
gep10,00,2023-09-09,2023-09-24,gcrew,noaa_gefs,10,ShortwaveRadiation_Wm2,15,161
gep10,00,2023-09-09,2023-09-24,gcrew,noaa_gefs,10,WindSpeed_ms_mean,15,5.2646868981549435
gep10,00,2023-09-09,2023-09-25,gcrew,noaa_gefs,10,AirTemp_C_mean,16,22.39338836669924
gep10,00,2023-09-09,2023-09-25,gcrew,noaa_gefs,10,RH_percent_mean,16,80.72414588928223
gep10,00,2023-09-09,2023-09-25,gcrew,noaa_gefs,10,Rain_mm_sum,16,0.700000025331974
gep10,00,2023-09-09,2023-09-25,gcrew,noaa_gefs,10,ShortwaveRadiation_Wm2,16,134.25
gep10,00,2023-09-09,2023-09-25,gcrew,noaa_gefs,10,WindSpeed_ms_mean,16,3.9959241047420417
gep10,00,2023-09-09,2023-09-26,gcrew,noaa_gefs,10,AirTemp_C_mean,17,21.122277832031273
gep10,00,2023-09-09,2023-09-26,gcrew,noaa_gefs,10,RH_percent_mean,17,91.78124618530273
gep10,00,2023-09-09,2023-09-26,gcrew,noaa_gefs,10,Rain_mm_sum,17,17.700000673532486
gep10,00,2023-09-09,2023-09-26,gcrew,noaa_gefs,10,ShortwaveRadiation_Wm2,17,71.75
gep10,00,2023-09-09,2023-09-26,gcrew,noaa_gefs,10,WindSpeed_ms_mean,17,4.524560070543811
gep10,00,2023-09-09,2023-09-27,gcrew,noaa_gefs,10,AirTemp_C_mean,18,21.53302917480471
gep10,00,2023-09-09,2023-09-27,gcrew,noaa_gefs,10,RH_percent_mean,18,94.12124061584473
gep10,00,2023-09-09,2023-09-27,gcrew,noaa_gefs,10,Rain_mm_sum,18,26.30000001192093
gep10,00,2023-09-09,2023-09-27,gcrew,noaa_gefs,10,ShortwaveRadiation_Wm2,18,45
gep10,00,2023-09-09,2023-09-27,gcrew,noaa_gefs,10,WindSpeed_ms_mean,18,3.4376454204120614
gep10,00,2023-09-09,2023-09-28,gcrew,noaa_gefs,10,AirTemp_C_mean,19,21.010675048828148
gep10,00,2023-09-09,2023-09-28,gcrew,noaa_gefs,10,RH_percent_mean,19,92.565582275390625
gep10,00,2023-09-09,2023-09-28,gcrew,noaa_gefs,10,Rain_mm_sum,19,16.90000021457672
gep10,00,2023-09-09,2023-09-28,gcrew,noaa_gefs,10,ShortwaveRadiation_Wm2,19,77
gep10,00,2023-09-09,2023-09-28,gcrew,noaa_gefs,10,WindSpeed_ms_mean,19,4.072877205063392
gep10,00,2023-09-09,2023-09-29,gcrew,noaa_gefs,10,AirTemp_C_mean,20,15.901658630371116
gep10,00,2023-09-09,2023-09-29,gcrew,noaa_gefs,10,RH_percent_mean,20,89.57869911193848
gep10,00,2023-09-09,2023-09-29,gcrew,noaa_gefs,10,Rain_mm_sum,20,13.20000046491623
gep10,00,2023-09-09,2023-09-29,gcrew,noaa_gefs,10,ShortwaveRadiation_Wm2,20,10
gep10,00,2023-09-09,2023-09-29,gcrew,noaa_gefs,10,WindSpeed_ms_mean,20,10.247166260311577
gep10,00,2023-09-09,2023-09-30,gcrew,noaa_gefs,10,AirTemp_C_mean,21,16.05395660400393
gep10,00,2023-09-09,2023-09-30,gcrew,noaa_gefs,10,RH_percent_mean,21,83.6533432006836
gep10,00,2023-09-09,2023-09-30,gcrew,noaa_gefs,10,Rain_mm_sum,21,2.200000062584877
gep10,00,2023-09-09,2023-09-30,gcrew,noaa_gefs,10,ShortwaveRadiation_Wm2,21,40.75
gep10,00,2023-09-09,2023-09-30,gcrew,noaa_gefs,10,WindSpeed_ms_mean,21,6.540632340833415
gep10,00,2023-09-09,2023-10-01,gcrew,noaa_gefs,10,AirTemp_C_mean,22,16.407647705078148
gep10,00,2023-09-09,2023-10-01,gcrew,noaa_gefs,10,RH_percent_mean,22,57.9601993560791
gep10,00,2023-09-09,2023-10-01,gcrew,noaa_gefs,10,Rain_mm_sum,22,0
gep10,00,2023-09-09,2023-10-01,gcrew,noaa_gefs,10,ShortwaveRadiation_Wm2,22,211.75
gep10,00,2023-09-09,2023-10-01,gcrew,noaa_gefs,10,WindSpeed_ms_mean,22,5.751839360697048
gep10,00,2023-09-09,2023-10-02,gcrew,noaa_gefs,10,AirTemp_C_mean,23,14.778672790527366
gep10,00,2023-09-09,2023-10-02,gcrew,noaa_gefs,10,RH_percent_mean,23,52.730899810791016
gep10,00,2023-09-09,2023-10-02,gcrew,noaa_gefs,10,Rain_mm_sum,23,0
gep10,00,2023-09-09,2023-10-02,gcrew,noaa_gefs,10,ShortwaveRadiation_Wm2,23,213
gep10,00,2023-09-09,2023-10-02,gcrew,noaa_gefs,10,WindSpeed_ms_mean,23,2.8789626857426764
gep10,00,2023-09-09,2023-10-03,gcrew,noaa_gefs,10,AirTemp_C_mean,24,19.176812744140648
gep10,00,2023-09-09,2023-10-03,gcrew,noaa_gefs,10,RH_percent_mean,24,79.48908996582031
gep10,00,2023-09-09,2023-10-03,gcrew,noaa_gefs,10,Rain_mm_sum,24,0
gep10,00,2023-09-09,2023-10-03,gcrew,noaa_gefs,10,ShortwaveRadiation_Wm2,24,204.5
gep10,00,2023-09-09,2023-10-03,gcrew,noaa_gefs,10,WindSpeed_ms_mean,24,2.91516139807672
gep10,00,2023-09-09,2023-10-04,gcrew,noaa_gefs,10,AirTemp_C_mean,25,22.34058532714846
gep10,00,2023-09-09,2023-10-04,gcrew,noaa_gefs,10,RH_percent_mean,25,75.36294078826904
gep10,00,2023-09-09,2023-10-04,gcrew,noaa_gefs,10,Rain_mm_sum,25,0
gep10,00,2023-09-09,2023-10-04,gcrew,noaa_gefs,10,ShortwaveRadiation_Wm2,25,210.75
gep10,00,2023-09-09,2023-10-04,gcrew,noaa_gefs,10,WindSpeed_ms_mean,25,2.9960568170531348
gep10,00,2023-09-09,2023-10-05,gcrew,noaa_gefs,10,AirTemp_C_mean,26,21.978173828125023
gep10,00,2023-09-09,2023-10-05,gcrew,noaa_gefs,10,RH_percent_mean,26,62.96555137634277
gep10,00,2023-09-09,2023-10-05,gcrew,noaa_gefs,10,Rain_mm_sum,26,0.30000000447034836
gep10,00,2023-09-09,2023-10-05,gcrew,noaa_gefs,10,ShortwaveRadiation_Wm2,26,181
gep10,00,2023-09-09,2023-10-05,gcrew,noaa_gefs,10,WindSpeed_ms_mean,26,5.094556622266271
gep10,00,2023-09-09,2023-10-06,gcrew,noaa_gefs,10,AirTemp_C_mean,27,17.76600799560549
gep10,00,2023-09-09,2023-10-06,gcrew,noaa_gefs,10,RH_percent_mean,27,66.44743537902832
gep10,00,2023-09-09,2023-10-06,gcrew,noaa_gefs,10,Rain_mm_sum,27,0
gep10,00,2023-09-09,2023-10-06,gcrew,noaa_gefs,10,ShortwaveRadiation_Wm2,27,141
gep10,00,2023-09-09,2023-10-06,gcrew,noaa_gefs,10,WindSpeed_ms_mean,27,4.729005513864134
gep10,00,2023-09-09,2023-10-07,gcrew,noaa_gefs,10,AirTemp_C_mean,28,16.294488525390648
gep10,00,2023-09-09,2023-10-07,gcrew,noaa_gefs,10,RH_percent_mean,28,53.386996269226074
gep10,00,2023-09-09,2023-10-07,gcrew,noaa_gefs,10,Rain_mm_sum,28,0
gep10,00,2023-09-09,2023-10-07,gcrew,noaa_gefs,10,ShortwaveRadiation_Wm2,28,189.75
gep10,00,2023-09-09,2023-10-07,gcrew,noaa_gefs,10,WindSpeed_ms_mean,28,3.770817246533188
gep10,00,2023-09-09,2023-10-08,gcrew,noaa_gefs,10,AirTemp_C_mean,29,16.038568115234398
gep10,00,2023-09-09,2023-10-08,gcrew,noaa_gefs,10,RH_percent_mean,29,62.47337341308594
gep10,00,2023-09-09,2023-10-08,gcrew,noaa_gefs,10,Rain_mm_sum,29,0
gep10,00,2023-09-09,2023-10-08,gcrew,noaa_gefs,10,ShortwaveRadiation_Wm2,29,182
gep10,00,2023-09-09,2023-10-08,gcrew,noaa_gefs,10,WindSpeed_ms_mean,29,4.436974656013027
gep10,00,2023-09-09,2023-10-09,gcrew,noaa_gefs,10,AirTemp_C_mean,30,18.04213104248049
gep10,00,2023-09-09,2023-10-09,gcrew,noaa_gefs,10,RH_percent_mean,30,64.63348579406738
gep10,00,2023-09-09,2023-10-09,gcrew,noaa_gefs,10,Rain_mm_sum,30,0.10000000149011612
gep10,00,2023-09-09,2023-10-09,gcrew,noaa_gefs,10,ShortwaveRadiation_Wm2,30,180.5
gep10,00,2023-09-09,2023-10-09,gcrew,noaa_gefs,10,WindSpeed_ms_mean,30,7.391516267652271
gep10,00,2023-09-09,2023-10-10,gcrew,noaa_gefs,10,AirTemp_C_mean,31,10.97205505371096
gep10,00,2023-09-09,2023-10-10,gcrew,noaa_gefs,10,RH_percent_mean,31,45.596985816955566
gep10,00,2023-09-09,2023-10-10,gcrew,noaa_gefs,10,Rain_mm_sum,31,0
gep10,00,2023-09-09,2023-10-10,gcrew,noaa_gefs,10,ShortwaveRadiation_Wm2,31,209.25
gep10,00,2023-09-09,2023-10-10,gcrew,noaa_gefs,10,WindSpeed_ms_mean,31,4.847591688904462
gep10,00,2023-09-09,2023-10-11,gcrew,noaa_gefs,10,AirTemp_C_mean,32,13.605989074707054
gep10,00,2023-09-09,2023-10-11,gcrew,noaa_gefs,10,RH_percent_mean,32,67.84227752685547
gep10,00,2023-09-09,2023-10-11,gcrew,noaa_gefs,10,Rain_mm_sum,32,0.10000000149011612
gep10,00,2023-09-09,2023-10-11,gcrew,noaa_gefs,10,ShortwaveRadiation_Wm2,32,119
gep10,00,2023-09-09,2023-10-11,gcrew,noaa_gefs,10,WindSpeed_ms_mean,32,4.346613717382562
gep10,00,2023-09-09,2023-10-12,gcrew,noaa_gefs,10,AirTemp_C_mean,33,20.219476318359398
gep10,00,2023-09-09,2023-10-12,gcrew,noaa_gefs,10,RH_percent_mean,33,86.41911506652832
gep10,00,2023-09-09,2023-10-12,gcrew,noaa_gefs,10,Rain_mm_sum,33,0.10000000149011612
gep10,00,2023-09-09,2023-10-12,gcrew,noaa_gefs,10,ShortwaveRadiation_Wm2,33,121
gep10,00,2023-09-09,2023-10-12,gcrew,noaa_gefs,10,WindSpeed_ms_mean,33,6.458461832002699
gep10,00,2023-09-09,2023-10-13,gcrew,noaa_gefs,10,AirTemp_C_mean,34,21.163812255859398
gep10,00,2023-09-09,2023-10-13,gcrew,noaa_gefs,10,RH_percent_mean,34,83.2275333404541
gep10,00,2023-09-09,2023-10-13,gcrew,noaa_gefs,10,Rain_mm_sum,34,26.900000289082527
gep10,00,2023-09-09,2023-10-13,gcrew,noaa_gefs,10,ShortwaveRadiation_Wm2,34,84.75
gep10,00,2023-09-09,2023-10-13,gcrew,noaa_gefs,10,WindSpeed_ms_mean,34,7.309394128531857
gep10,00,2023-09-09,2023-10-14,gcrew,noaa_gefs,10,AirTemp_C_mean,35,17.296502685546898
gep10,00,2023-09-09,2023-10-14,gcrew,noaa_gefs,10,RH_percent_mean,35,54.04242706298828
gep10,00,2023-09-09,2023-10-14,gcrew,noaa_gefs,10,Rain_mm_sum,35,0
gep10,00,2023-09-09,2023-10-14,gcrew,noaa_gefs,10,ShortwaveRadiation_Wm2,35,247
gep10,00,2023-09-09,2023-10-14,gcrew,noaa_gefs,10,WindSpeed_ms_mean,35,7.0066434777233235
gep11,00,2023-09-09,2023-09-09,gcrew,noaa_gefs,11,AirTemp_C_mean,0,24.57565133231029
gep11,00,2023-09-09,2023-09-09,gcrew,noaa_gefs,11,RH_percent_mean,0,81.28700474330357
gep11,00,2023-09-09,2023-09-09,gcrew,noaa_gefs,11,Rain_mm_sum,0,9.989999949932098
gep11,00,2023-09-09,2023-09-09,gcrew,noaa_gefs,11,ShortwaveRadiation_Wm2,0,208.42857142857142
gep11,00,2023-09-09,2023-09-09,gcrew,noaa_gefs,11,WindSpeed_ms_mean,0,2.244640159790602
gep11,00,2023-09-09,2023-09-10,gcrew,noaa_gefs,11,AirTemp_C_mean,1,23.364217376709007
gep11,00,2023-09-09,2023-09-10,gcrew,noaa_gefs,11,RH_percent_mean,1,79.58796691894531
gep11,00,2023-09-09,2023-09-10,gcrew,noaa_gefs,11,Rain_mm_sum,1,2.1700000278651714
gep11,00,2023-09-09,2023-09-10,gcrew,noaa_gefs,11,ShortwaveRadiation_Wm2,1,106
gep11,00,2023-09-09,2023-09-10,gcrew,noaa_gefs,11,WindSpeed_ms_mean,1,2.0001020501904465
gep11,00,2023-09-09,2023-09-11,gcrew,noaa_gefs,11,AirTemp_C_mean,2,23.99094161987307
gep11,00,2023-09-09,2023-09-11,gcrew,noaa_gefs,11,RH_percent_mean,2,76.6868748664856
gep11,00,2023-09-09,2023-09-11,gcrew,noaa_gefs,11,Rain_mm_sum,2,14.520000278949738
gep11,00,2023-09-09,2023-09-11,gcrew,noaa_gefs,11,ShortwaveRadiation_Wm2,2,236.125
gep11,00,2023-09-09,2023-09-11,gcrew,noaa_gefs,11,WindSpeed_ms_mean,2,1.2761169694246208
gep11,00,2023-09-09,2023-09-12,gcrew,noaa_gefs,11,AirTemp_C_mean,3,24.883412933349632
gep11,00,2023-09-09,2023-09-12,gcrew,noaa_gefs,11,RH_percent_mean,3,71.71621131896973
gep11,00,2023-09-09,2023-09-12,gcrew,noaa_gefs,11,Rain_mm_sum,3,5.510000050067902
gep11,00,2023-09-09,2023-09-12,gcrew,noaa_gefs,11,ShortwaveRadiation_Wm2,3,235.5
gep11,00,2023-09-09,2023-09-12,gcrew,noaa_gefs,11,WindSpeed_ms_mean,3,2.631870711383254
gep11,00,2023-09-09,2023-09-13,gcrew,noaa_gefs,11,AirTemp_C_mean,4,22.81793365478518
gep11,00,2023-09-09,2023-09-13,gcrew,noaa_gefs,11,RH_percent_mean,4,73.45065355300903
gep11,00,2023-09-09,2023-09-13,gcrew,noaa_gefs,11,Rain_mm_sum,4,13.47999992966652
gep11,00,2023-09-09,2023-09-13,gcrew,noaa_gefs,11,ShortwaveRadiation_Wm2,4,134.25
gep11,00,2023-09-09,2023-09-13,gcrew,noaa_gefs,11,WindSpeed_ms_mean,4,3.913124752342366
gep11,00,2023-09-09,2023-09-14,gcrew,noaa_gefs,11,AirTemp_C_mean,5,21.205693817138695
gep11,00,2023-09-09,2023-09-14,gcrew,noaa_gefs,11,RH_percent_mean,5,50.70257902145386
gep11,00,2023-09-09,2023-09-14,gcrew,noaa_gefs,11,Rain_mm_sum,5,0.20000000298023224
gep11,00,2023-09-09,2023-09-14,gcrew,noaa_gefs,11,ShortwaveRadiation_Wm2,5,266.875
gep11,00,2023-09-09,2023-09-14,gcrew,noaa_gefs,11,WindSpeed_ms_mean,5,3.7478175500416757
gep11,00,2023-09-09,2023-09-15,gcrew,noaa_gefs,11,AirTemp_C_mean,6,20.683343505859398
gep11,00,2023-09-09,2023-09-15,gcrew,noaa_gefs,11,RH_percent_mean,6,51.90177011489868
gep11,00,2023-09-09,2023-09-15,gcrew,noaa_gefs,11,Rain_mm_sum,6,0
gep11,00,2023-09-09,2023-09-15,gcrew,noaa_gefs,11,ShortwaveRadiation_Wm2,6,267.125
gep11,00,2023-09-09,2023-09-15,gcrew,noaa_gefs,11,WindSpeed_ms_mean,6,4.967512346372693
gep11,00,2023-09-09,2023-09-16,gcrew,noaa_gefs,11,AirTemp_C_mean,7,21.02536544799807
gep11,00,2023-09-09,2023-09-16,gcrew,noaa_gefs,11,RH_percent_mean,7,53.187461853027344
gep11,00,2023-09-09,2023-09-16,gcrew,noaa_gefs,11,Rain_mm_sum,7,0
gep11,00,2023-09-09,2023-09-16,gcrew,noaa_gefs,11,ShortwaveRadiation_Wm2,7,267.25
gep11,00,2023-09-09,2023-09-16,gcrew,noaa_gefs,11,WindSpeed_ms_mean,7,4.777442492071275
gep11,00,2023-09-09,2023-09-17,gcrew,noaa_gefs,11,AirTemp_C_mean,8,21.546594238281273
gep11,00,2023-09-09,2023-09-17,gcrew,noaa_gefs,11,RH_percent_mean,8,53.33281660079956
gep11,00,2023-09-09,2023-09-17,gcrew,noaa_gefs,11,Rain_mm_sum,8,0
gep11,00,2023-09-09,2023-09-17,gcrew,noaa_gefs,11,ShortwaveRadiation_Wm2,8,259.625
gep11,00,2023-09-09,2023-09-17,gcrew,noaa_gefs,11,WindSpeed_ms_mean,8,1.228218844842356
gep11,00,2023-09-09,2023-09-18,gcrew,noaa_gefs,11,AirTemp_C_mean,9,22.745000457763695
gep11,00,2023-09-09,2023-09-18,gcrew,noaa_gefs,11,RH_percent_mean,9,58.80604076385498
gep11,00,2023-09-09,2023-09-18,gcrew,noaa_gefs,11,Rain_mm_sum,9,0.12000000104308128
gep11,00,2023-09-09,2023-09-18,gcrew,noaa_gefs,11,ShortwaveRadiation_Wm2,9,171.375
gep11,00,2023-09-09,2023-09-18,gcrew,noaa_gefs,11,WindSpeed_ms_mean,9,3.6700750408084533
gep11,00,2023-09-09,2023-09-19,gcrew,noaa_gefs,11,AirTemp_C_mean,10,21.85382232666018
gep11,00,2023-09-09,2023-09-19,gcrew,noaa_gefs,11,RH_percent_mean,10,51.910043716430664
gep11,00,2023-09-09,2023-09-19,gcrew,noaa_gefs,11,Rain_mm_sum,10,0
gep11,00,2023-09-09,2023-09-19,gcrew,noaa_gefs,11,ShortwaveRadiation_Wm2,10,222.75
gep11,00,2023-09-09,2023-09-19,gcrew,noaa_gefs,11,WindSpeed_ms_mean,10,4.17428520665981
gep11,00,2023-09-09,2023-09-20,gcrew,noaa_gefs,11,AirTemp_C_mean,11,20.50086364746096
gep11,00,2023-09-09,2023-09-20,gcrew,noaa_gefs,11,RH_percent_mean,11,56.514787673950195
gep11,00,2023-09-09,2023-09-20,gcrew,noaa_gefs,11,Rain_mm_sum,11,0
gep11,00,2023-09-09,2023-09-20,gcrew,noaa_gefs,11,ShortwaveRadiation_Wm2,11,223.75
gep11,00,2023-09-09,2023-09-20,gcrew,noaa_gefs,11,WindSpeed_ms_mean,11,3.8783071905583006
gep11,00,2023-09-09,2023-09-21,gcrew,noaa_gefs,11,AirTemp_C_mean,12,21.212396240234398
gep11,00,2023-09-09,2023-09-21,gcrew,noaa_gefs,11,RH_percent_mean,12,57.83141326904297
gep11,00,2023-09-09,2023-09-21,gcrew,noaa_gefs,11,Rain_mm_sum,12,0
gep11,00,2023-09-09,2023-09-21,gcrew,noaa_gefs,11,ShortwaveRadiation_Wm2,12,217.75
gep11,00,2023-09-09,2023-09-21,gcrew,noaa_gefs,11,WindSpeed_ms_mean,12,3.3514963749039914
gep11,00,2023-09-09,2023-09-22,gcrew,noaa_gefs,11,AirTemp_C_mean,13,23.03926239013674
gep11,00,2023-09-09,2023-09-22,gcrew,noaa_gefs,11,RH_percent_mean,13,61.35855007171631
gep11,00,2023-09-09,2023-09-22,gcrew,noaa_gefs,11,Rain_mm_sum,13,0
gep11,00,2023-09-09,2023-09-22,gcrew,noaa_gefs,11,ShortwaveRadiation_Wm2,13,219.75
gep11,00,2023-09-09,2023-09-22,gcrew,noaa_gefs,11,WindSpeed_ms_mean,13,1.8093905060696394
gep11,00,2023-09-09,2023-09-23,gcrew,noaa_gefs,11,AirTemp_C_mean,14,22.375588989257835
gep11,00,2023-09-09,2023-09-23,gcrew,noaa_gefs,11,RH_percent_mean,14,63.70778179168701
gep11,00,2023-09-09,2023-09-23,gcrew,noaa_gefs,11,Rain_mm_sum,14,0
gep11,00,2023-09-09,2023-09-23,gcrew,noaa_gefs,11,ShortwaveRadiation_Wm2,14,232
gep11,00,2023-09-09,2023-09-23,gcrew,noaa_gefs,11,WindSpeed_ms_mean,14,4.553198777918426
gep11,00,2023-09-09,2023-09-24,gcrew,noaa_gefs,11,AirTemp_C_mean,15,21.508035278320335
gep11,00,2023-09-09,2023-09-24,gcrew,noaa_gefs,11,RH_percent_mean,15,75.4688196182251
gep11,00,2023-09-09,2023-09-24,gcrew,noaa_gefs,11,Rain_mm_sum,15,0.20000000298023224
gep11,00,2023-09-09,2023-09-24,gcrew,noaa_gefs,11,ShortwaveRadiation_Wm2,15,161
gep11,00,2023-09-09,2023-09-24,gcrew,noaa_gefs,11,WindSpeed_ms_mean,15,5.2646868981549435
gep11,00,2023-09-09,2023-09-25,gcrew,noaa_gefs,11,AirTemp_C_mean,16,22.39338836669924
gep11,00,2023-09-09,2023-09-25,gcrew,noaa_gefs,11,RH_percent_mean,16,80.72414588928223
gep11,00,2023-09-09,2023-09-25,gcrew,noaa_gefs,11,Rain_mm_sum,16,0.700000025331974
gep11,00,2023-09-09,2023-09-25,gcrew,noaa_gefs,11,ShortwaveRadiation_Wm2,16,134.25
gep11,00,2023-09-09,2023-09-25,gcrew,noaa_gefs,11,WindSpeed_ms_mean,16,3.9959241047420417
gep11,00,2023-09-09,2023-09-26,gcrew,noaa_gefs,11,AirTemp_C_mean,17,21.122277832031273
gep11,00,2023-09-09,2023-09-26,gcrew,noaa_gefs,11,RH_percent_mean,17,91.78124618530273
gep11,00,2023-09-09,2023-09-26,gcrew,noaa_gefs,11,Rain_mm_sum,17,17.700000673532486
gep11,00,2023-09-09,2023-09-26,gcrew,noaa_gefs,11,ShortwaveRadiation_Wm2,17,71.75
gep11,00,2023-09-09,2023-09-26,gcrew,noaa_gefs,11,WindSpeed_ms_mean,17,4.524560070543811
gep11,00,2023-09-09,2023-09-27,gcrew,noaa_gefs,11,AirTemp_C_mean,18,21.53302917480471
gep11,00,2023-09-09,2023-09-27,gcrew,noaa_gefs,11,RH_percent_mean,18,94.12124061584473
gep11,00,2023-09-09,2023-09-27,gcrew,noaa_gefs,11,Rain_mm_sum,18,26.30000001192093
gep11,00,2023-09-09,2023-09-27,gcrew,noaa_gefs,11,ShortwaveRadiation_Wm2,18,45
gep11,00,2023-09-09,2023-09-27,gcrew,noaa_gefs,11,WindSpeed_ms_mean,18,3.4376454204120614
gep11,00,2023-09-09,2023-09-28,gcrew,noaa_gefs,11,AirTemp_C_mean,19,21.010675048828148
gep11,00,2023-09-09,2023-09-28,gcrew,noaa_gefs,11,RH_percent_mean,19,92.565582275390625
gep11,00,2023-09-09,2023-09-28,gcrew,noaa_gefs,11,Rain_mm_sum,19,16.90000021457672
gep11,00,2023-09-09,2023-09-28,gcrew,noaa_gefs,11,ShortwaveRadiation_Wm2,19,77
gep11,00,2023-09-09,2023-09-28,gcrew,noaa_gefs,11,WindSpeed_ms_mean,19,4.072877205063392
gep11,00,2023-09-09,2023-09-29,gcrew,noaa_gefs,11,AirTemp_C_mean,20,15.901658630371116
gep11,00,2023-09-09,2023-09-29,gcrew,noaa_gefs,11,RH_percent_mean,20,89.57869911193848
gep11,00,2023-09-09,2023-09-29,gcrew,noaa_gefs,11,Rain_mm_sum,20,13.20000046491623
gep11,00,2023-09-09,2023-09-29,gcrew,noaa_gefs,11,ShortwaveRadiation_Wm2,20,10
gep11,00,2023-09-09,2023-09-29,gcrew,noaa_gefs,11,WindSpeed_ms_mean,20,10.247166260311577
gep11,00,2023-09-09,2023-09-30,gcrew,noaa_gefs,11,AirTemp_C_mean,21,16.05395660400393
gep11,00,2023-09-09,2023-09-30,gcrew,noaa_gefs,11,RH_percent_mean,21,83.6533432006836
gep11,00,2023-09-09,2023-09-30,gcrew,noaa_gefs,11,Rain_mm_sum,21,2.200000062584877
gep11,00,2023-09-09,2023-09-30,gcrew,noaa_gefs,11,ShortwaveRadiation_Wm2,21,40.75
gep11,00,2023-09-09,2023-09-30,gcrew,noaa_gefs,11,WindSpeed_ms_mean,21,6.540632340833415
gep11,00,2023-09-09,2023-10-01,gcrew,noaa_gefs,11,AirTemp_C_mean,22,16.407647705078148
gep11,00,2023-09-09,2023-10-01,gcrew,noaa_gefs,11,RH_percent_mean,22,57.9601993560791
gep11,00,2023-09-09,2023-10-01,gcrew,noaa_gefs,11,Rain_mm_sum,22,0
gep11,00,2023-09-09,2023-10-01,gcrew,noaa_gefs,11,ShortwaveRadiation_Wm2,22,211.75
gep11,00,2023-09-09,2023-10-01,gcrew,noaa_gefs,11,WindSpeed_ms_mean,22,5.751839360697048
gep11,00,2023-09-09,2023-10-02,gcrew,noaa_gefs,11,AirTemp_C_mean,23,14.778672790527366
gep11,00,2023-09-09,2023-10-02,gcrew,noaa_gefs,11,RH_percent_mean,23,52.730899810791016
gep11,00,2023-09-09,2023-10-02,gcrew,noaa_gefs,11,Rain_mm_sum,23,0
gep11,00,2023-09-09,2023-10-02,gcrew,noaa_gefs,11,ShortwaveRadiation_Wm2,23,213
gep11,00,2023-09-09,2023-10-02,gcrew,noaa_gefs,11,WindSpeed_ms_mean,23,2.8789626857426764
gep11,00,2023-09-09,2023-10-03,gcrew,noaa_gefs,11,AirTemp_C_mean,24,19.176812744140648
gep11,00,2023-09-09,2023-10-03,gcrew,noaa_gefs,11,RH_percent_mean,24,79.48908996582031
gep11,00,2023-09-09,2023-10-03,gcrew,noaa_gefs,11,Rain_mm_sum,24,0
gep11,00,2023-09-09,2023-10-03,gcrew,noaa_gefs,11,ShortwaveRadiation_Wm2,24,204.5
gep11,00,2023-09-09,2023-10-03,gcrew,noaa_gefs,11,WindSpeed_ms_mean,24,2.91516139807672
gep11,00,2023-09-09,2023-10-04,gcrew,noaa_gefs,11,AirTemp_C_mean,25,22.34058532714846
gep11,00,2023-09-09,2023-10-04,gcrew,noaa_gefs,11,RH_percent_mean,25,75.36294078826904
gep11,00,2023-09-09,2023-10-04,gcrew,noaa_gefs,11,Rain_mm_sum,25,0
gep11,00,2023-09-09,2023-10-04,gcrew,noaa_gefs,11,ShortwaveRadiation_Wm2,25,210.75
gep11,00,2023-09-09,2023-10-04,gcrew,noaa_gefs,11,WindSpeed_ms_mean,25,2.9960568170531348
gep11,00,2023-09-09,2023-10-05,gcrew,noaa_gefs,11,AirTemp_C_mean,26,21.978173828125023
gep11,00,2023-09-09,2023-10-05,gcrew,noaa_gefs,11,RH_percent_mean,26,62.96555137634277
gep11,00,2023-09-09,2023-10-05,gcrew,noaa_gefs,11,Rain_mm_sum,26,0.30000000447034836
gep11,00,2023-09-09,2023-10-05,gcrew,noaa_gefs,11,ShortwaveRadiation_Wm2,26,181
gep11,00,2023-09-09,2023-10-05,gcrew,noaa_gefs,11,WindSpeed_ms_mean,26,5.094556622266271
gep11,00,2023-09-09,2023-10-06,gcrew,noaa_gefs,11,AirTemp_C_mean,27,17.76600799560549
gep11,00,2023-09-09,2023-10-06,gcrew,noaa_gefs,11,RH_percent_mean,27,66.44743537902832
gep11,00,2023-09-09,2023-10-06,gcrew,noaa_gefs,11,Rain_mm_sum,27,0
gep11,00,2023-09-09,2023-10-06,gcrew,noaa_gefs,11,ShortwaveRadiation_Wm2,27,141
gep11,00,2023-09-09,2023-10-06,gcrew,noaa_gefs,11,WindSpeed_ms_mean,27,4.729005513864134
gep11,00,2023-09-09,2023-10-07,gcrew,noaa_gefs,11,AirTemp_C_mean,28,16.294488525390648
gep11,00,2023-09-09,2023-10-07,gcrew,noaa_gefs,11,RH_percent_mean,28,53.386996269226074
gep11,00,2023-09-09,2023-10-07,gcrew,noaa_gefs,11,Rain_mm_sum,28,0
gep11,00,2023-09-09,2023-10-07,gcrew,noaa_gefs,11,ShortwaveRadiation_Wm2,28,189.75
gep11,00,2023-09-09,2023-10-07,gcrew,noaa_gefs,11,WindSpeed_ms_mean,28,3.770817246533188
gep11,00,2023-09-09,2023-10-08,gcrew,noaa_gefs,11,AirTemp_C_mean,29,16.038568115234398
gep11,00,2023-09-09,2023-10-08,gcrew,noaa_gefs,11,RH_percent_mean,29,62.47337341308594
gep11,00,2023-09-09,2023-10-08,gcrew,noaa_gefs,11,Rain_mm_sum,29,0
gep11,00,2023-09-09,2023-10-08,gcrew,noaa_gefs,11,ShortwaveRadiation_Wm2,29,182
gep11,00,2023-09-09,2023-10-08,gcrew,noaa_gefs,11,WindSpeed_ms_mean,29,4.436974656013027
gep11,00,2023-09-09,2023-10-09,gcrew,noaa_gefs,11,AirTemp_C_mean,30,18.04213104248049
gep11,00,2023-09-09,2023-10-09,gcrew,noaa_gefs,11,RH_percent_mean,30,64.63348579406738
gep11,00,2023-09-09,2023-10-09,gcrew,noaa_gefs,11,Rain_mm_sum,30,0.10000000149011612
gep11,00,2023-09-09,2023-10-09,gcrew,noaa_gefs,11,ShortwaveRadiation_Wm2,30,180.5
gep11,00,2023-09-09,2023-10-09,gcrew,noaa_gefs,11,WindSpeed_ms_mean,30,7.391516267652271
gep11,00,2023-09-09,2023-10-10,gcrew,noaa_gefs,11,AirTemp_C_mean,31,10.97205505371096
gep11,00,2023-09-09,2023-10-10,gcrew,noaa_gefs,11,RH_percent_mean,31,45.596985816955566
gep11,00,2023-09-09,2023-10-10,gcrew,noaa_gefs,11,Rain_mm_sum,31,0
gep11,00,2023-09-09,2023-10-10,gcrew,noaa_gefs,11,ShortwaveRadiation_Wm2,31,209.25
gep11,00,2023-09-09,2023-10-10,gcrew,noaa_gefs,11,WindSpeed_ms_mean,31,4.847591688904462
gep11,00,2023-09-09,2023-10-11,gcrew,noaa_gefs,11,AirTemp_C_mean,32,13.605989074707054
gep11,00,2023-09-09,2023-10-11,gcrew,noaa_gefs,11,RH_percent_mean,32,67.84227752685547
gep11,00,2023-09-09,2023-10-11,gcrew,noaa_gefs,11,Rain_mm_sum,32,0.10000000149011612
gep11,00,2023-09-09,2023-10-11,gcrew,noaa_gefs,11,ShortwaveRadiation_Wm2,32,119
gep11,00,2023-09-09,2023-10-11,gcrew,noaa_gefs,11,WindSpeed_ms_mean,32,4.346613717382562
gep11,00,2023-09-09,2023-10-12,gcrew,noaa_gefs,11,AirTemp_C_mean,33,20.219476318359398
gep11,00,2023-09-09,2023-10-12,gcrew,noaa_gefs,11,RH_percent_mean,33,86.41911506652832
gep11,00,2023-09-09,2023-10-12,gcrew,noaa_gefs,11,Rain_mm_sum,33,0.10000000149011612
gep11,00,2023-09-09,2023-10-12,gcrew,noaa_gefs,11,ShortwaveRadiation_Wm2,33,121
gep11,00,2023-09-09,2023-10-12,gcrew,noaa_gefs,11,WindSpeed_ms_mean,33,6.458461832002699
gep11,00,2023-09-09,2023-10-13,gcrew,noaa_gefs,11,AirTemp_C_mean,34,21.163812255859398
gep11,00,2023-09-09,2023-10-13,gcrew,noaa_gefs,11,RH_percent_mean,34,83.2275333404541
gep11,00,2023-09-09,2023-10-13,gcrew,noaa_gefs,11,Rain_mm_sum,34,26.900000289082527
gep11,00,2023-09-09,2023-10-13,gcrew,noaa_gefs,11,ShortwaveRadiation_Wm2,34,84.75
gep11,00,2023-09-09,2023-10-13,gcrew,noaa_gefs,11,WindSpeed_ms_mean,34,7.309394128531857
gep11,00,2023-09-09,2023-10-14,gcrew,noaa_gefs,11,AirTemp_C_mean,35,17.296502685546898
gep11,00,2023-09-09,2023-10-14,gcrew,noaa_gefs,11,RH_percent_mean,35,54.04242706298828
gep11,00,2023-09-09,2023-10-14,gcrew,noaa_gefs,11,Rain_mm_sum,35,0
gep11,00,2023-09-09,2023-10-14,gcrew,noaa_gefs,11,ShortwaveRadiation_Wm2,35,247
gep11,00,2023-09-09,2023-10-14,gcrew,noaa_gefs,11,WindSpeed_ms_mean,35,7.0066434777233235
gep12,00,2023-09-09,2023-09-09,gcrew,noaa_gefs,12,AirTemp_C_mean,0,24.57565133231029
gep12,00,2023-09-09,2023-09-09,gcrew,noaa_gefs,12,RH_percent_mean,0,81.28700474330357
gep12,00,2023-09-09,2023-09-09,gcrew,noaa_gefs,12,Rain_mm_sum,0,9.989999949932098
gep12,00,2023-09-09,2023-09-09,gcrew,noaa_gefs,12,ShortwaveRadiation_Wm2,0,208.42857142857142
gep12,00,2023-09-09,2023-09-09,gcrew,noaa_gefs,12,WindSpeed_ms_mean,0,2.244640159790602
gep12,00,2023-09-09,2023-09-10,gcrew,noaa_gefs,12,AirTemp_C_mean,1,23.364217376709007
gep12,00,2023-09-09,2023-09-10,gcrew,noaa_gefs,12,RH_percent_mean,1,79.58796691894531
gep12,00,2023-09-09,2023-09-10,gcrew,noaa_gefs,12,Rain_mm_sum,1,2.1700000278651714
gep12,00,2023-09-09,2023-09-10,gcrew,noaa_gefs,12,ShortwaveRadiation_Wm2,1,106
gep12,00,2023-09-09,2023-09-10,gcrew,noaa_gefs,12,WindSpeed_ms_mean,1,2.0001020501904465
gep12,00,2023-09-09,2023-09-11,gcrew,noaa_gefs,12,AirTemp_C_mean,2,23.99094161987307
gep12,00,2023-09-09,2023-09-11,gcrew,noaa_gefs,12,RH_percent_mean,2,76.6868748664856
gep12,00,2023-09-09,2023-09-11,gcrew,noaa_gefs,12,Rain_mm_sum,2,14.520000278949738
gep12,00,2023-09-09,2023-09-11,gcrew,noaa_gefs,12,ShortwaveRadiation_Wm2,2,236.125
gep12,00,2023-09-09,2023-09-11,gcrew,noaa_gefs,12,WindSpeed_ms_mean,2,1.2761169694246208
gep12,00,2023-09-09,2023-09-12,gcrew,noaa_gefs,12,AirTemp_C_mean,3,24.883412933349632
gep12,00,2023-09-09,2023-09-12,gcrew,noaa_gefs,12,RH_percent_mean,3,71.71621131896973
gep12,00,2023-09-09,2023-09-12,gcrew,noaa_gefs,12,Rain_mm_sum,3,5.510000050067902
gep12,00,2023-09-09,2023-09-12,gcrew,noaa_gefs,12,ShortwaveRadiation_Wm2,3,235.5
gep12,00,2023-09-09,2023-09-12,gcrew,noaa_gefs,12,WindSpeed_ms_mean,3,2.631870711383254
gep12,00,2023-09-09,2023-09-13,gcrew,noaa_gefs,12,AirTemp_C_mean,4,22.81793365478518
gep12,00,2023-09-09,2023-09-13,gcrew,noaa_gefs,12,RH_percent_mean,4,73.45065355300903
gep12,00,2023-09-09,2023-09-13,gcrew,noaa_gefs,12,Rain_mm_sum,4,13.47999992966652
gep12,00,2023-09-09,2023-09-13,gcrew,noaa_gefs,12,ShortwaveRadiation_Wm2,4,134.25
gep12,00,2023-09-09,2023-09-13,gcrew,noaa_gefs,12,WindSpeed_ms_mean,4,3.913124752342366
gep12,00,2023-09-09,2023-09-14,gcrew,noaa_gefs,12,AirTemp_C_mean,5,21.205693817138695
gep12,00,2023-09-09,2023-09-14,gcrew,noaa_gefs,12,RH_percent_mean,5,50.70257902145386
gep12,00,2023-09-09,2023-09-14,gcrew,noaa_gefs,12,Rain_mm_sum,5,0.20000000298023224
gep12,00,2023-09-09,2023-09-14,gcrew,noaa_gefs,12,ShortwaveRadiation_Wm2,5,266.875
gep12,00,2023-09-09,2023-09-14,gcrew,noaa_gefs,12,WindSpeed_ms_mean,5,3.7478175500416757
gep12,00,2023-09-09,2023-09-15,gcrew,noaa_gefs,12,AirTemp_C_mean,6,20.683343505859398
gep12,00,2023-09-09,2023-09-15,gcrew,noaa_gefs,12,RH_percent_mean,6,51.90177011489868
gep12,00,2023-09-09,2023-09-15,gcrew,noaa_gefs,12,Rain_mm_sum,6,0
gep12,00,2023-09-09,2023-09-15,gcrew,noaa_gefs,12,ShortwaveRadiation_Wm2,6,267.125
gep12,00,2023-09-09,2023-09-15,gcrew,noaa_gefs,12,WindSpeed_ms_mean,6,4.967512346372693
gep12,00,2023-09-09,2023-09-16,gcrew,noaa_gefs,12,AirTemp_C_mean,7,21.02536544799807
gep12,00,2023-09-09,2023-09-16,gcrew,noaa_gefs,12,RH_percent_mean,7,53.187461853027344
gep12,00,2023-09-09,2023-09-16,gcrew,noaa_gefs,12,Rain_mm_sum,7,0
gep12,00,2023-09-09,2023-09-16,gcrew,noaa_gefs,12,ShortwaveRadiation_Wm2,7,267.25
gep12,00,2023-09-09,2023-09-16,gcrew,noaa_gefs,12,WindSpeed_ms_mean,7,4.777442492071275
gep12,00,2023-09-09,2023-09-17,gcrew,noaa_gefs,12,AirTemp_C_mean,8,21.546594238281273
gep12,00,2023-09-09,2023-09-17,gcrew,noaa_gefs,12,RH_percent_mean,8,53.33281660079956
gep12,00,2023-09-09,2023-09-17,gcrew,noaa_gefs,12,Rain_mm_sum,8,0
gep12,00,2023-09-09,2023-09-17,gcrew,noaa_gefs,12,ShortwaveRadiation_Wm2,8,259.625
gep12,00,2023-09-09,2023-09-17,gcrew,noaa_gefs,12,WindSpeed_ms_mean,8,1.228218844842356
gep12,00,2023-09-09,2023-09-18,gcrew,noaa_gefs,12,AirTemp_C_mean,9,22.745000457763695
gep12,00,2023-09-09,2023-09-18,gcrew,noaa_gefs,12,RH_percent_mean,9,58.80604076385498
gep12,00,2023-09-09,2023-09-18,gcrew,noaa_gefs,12,Rain_mm_sum,9,0.12000000104308128
gep12,00,2023-09-09,2023-09-18,gcrew,noaa_gefs,12,ShortwaveRadiation_Wm2,9,171.375
gep12,00,2023-09-09,2023-09-18,gcrew,noaa_gefs,12,WindSpeed_ms_mean,9,3.6700750408084533
gep12,00,2023-09-09,2023-09-19,gcrew,noaa_gefs,12,AirTemp_C_mean,10,21.85382232666018
gep12,00,2023-09-09,2023-09-19,gcrew,noaa_gefs,12,RH_percent_mean,10,51.910043716430664
gep12,00,2023-09-09,2023-09-19,gcrew,noaa_gefs,12,Rain_mm_sum,10,0
gep12,00,2023-09-09,2023-09-19,gcrew,noaa_gefs,12,ShortwaveRadiation_Wm2,10,222.75
gep12,00,2023-09-09,2023-09-19,gcrew,noaa_gefs,12,WindSpeed_ms_mean,10,4.17428520665981
gep12,00,2023-09-09,2023-09-20,gcrew,noaa_gefs,12,AirTemp_C_mean,11,20.50086364746096
gep12,00,2023-09-09,2023-09-20,gcrew,noaa_gefs,12,RH_percent_mean,11,56.514787673950195
gep12,00,2023-09-09,2023-09-20,gcrew,noaa_gefs,12,Rain_mm_sum,11,0
gep12,00,2023-09-09,2023-09-20,gcrew,noaa_gefs,12,ShortwaveRadiation_Wm2,11,223.75
gep12,00,2023-09-09,2023-09-20,gcrew,noaa_gefs,12,WindSpeed_ms_mean,11,3.8783071905583006
gep12,00,2023-09-09,2023-09-21,gcrew,noaa_gefs,12,AirTemp_C_mean,12,21.212396240234398
gep12,00,2023-09-09,2023-09-21,gcrew,noaa_gefs,12,RH_percent_mean,12,57.83141326904297
gep12,00,2023-09-09,2023-09-21,gcrew,noaa_gefs,12,Rain_mm_sum,12,0
gep12,00,2023-09-09,2023-09-21,gcrew,noaa_gefs,12,ShortwaveRadiation_Wm2,12,217.75
gep12,00,2023-09-09,2023-09-21,gcrew,noaa_gefs,12,WindSpeed_ms_mean,12,3.3514963749039914
gep12,00,2023-09-09,2023-09-22,gcrew,noaa_gefs,12,AirTemp_C_mean,13,23.03926239013674
gep12,00,2023-09-09,2023-09-22,gcrew,noaa_gefs,12,RH_percent_mean,13,61.35855007171631
gep12,00,2023-09-09,2023-09-22,gcrew,noaa_gefs,12,Rain_mm_sum,13,0
gep12,00,2023-09-09,2023-09-22,gcrew,noaa_gefs,12,ShortwaveRadiation_Wm2,13,219.75
gep12,00,2023-09-09,2023-09-22,gcrew,noaa_gefs,12,WindSpeed_ms_mean,13,1.8093905060696394
gep12,00,2023-09-09,2023-09-23,gcrew,noaa_gefs,12,AirTemp_C_mean,14,22.375588989257835
gep12,00,2023-09-09,2023-09-23,gcrew,noaa_gefs,12,RH_percent_mean,14,63.70778179168701
gep12,00,2023-09-09,2023-09-23,gcrew,noaa_gefs,12,Rain_mm_sum,14,0
gep12,00,2023-09-09,2023-09-23,gcrew,noaa_gefs,12,ShortwaveRadiation_Wm2,14,232
gep12,00,2023-09-09,2023-09-23,gcrew,noaa_gefs,12,WindSpeed_ms_mean,14,4.553198777918426
gep12,00,2023-09-09,2023-09-24,gcrew,noaa_gefs,12,AirTemp_C_mean,15,21.508035278320335
gep12,00,2023-09-09,2023-09-24,gcrew,noaa_gefs,12,RH_percent_mean,15,75.4688196182251
gep12,00,2023-09-09,2023-09-24,gcrew,noaa_gefs,12,Rain_mm_sum,15,0.20000000298023224
gep12,00,2023-09-09,2023-09-24,gcrew,noaa_gefs,12,ShortwaveRadiation_Wm2,15,161
gep12,00,2023-09-09,2023-09-24,gcrew,noaa_gefs,12,WindSpeed_ms_mean,15,5.2646868981549435
gep12,00,2023-09-09,2023-09-25,gcrew,noaa_gefs,12,AirTemp_C_mean,16,22.39338836669924
gep12,00,2023-09-09,2023-09-25,gcrew,noaa_gefs,12,RH_percent_mean,16,80.72414588928223
gep12,00,2023-09-09,2023-09-25,gcrew,noaa_gefs,12,Rain_mm_sum,16,0.700000025331974
gep12,00,2023-09-09,2023-09-25,gcrew,noaa_gefs,12,ShortwaveRadiation_Wm2,16,134.25
gep12,00,2023-09-09,2023-09-25,gcrew,noaa_gefs,12,WindSpeed_ms_mean,16,3.9959241047420417
gep12,00,2023-09-09,2023-09-26,gcrew,noaa_gefs,12,AirTemp_C_mean,17,21.122277832031273
gep12,00,2023-09-09,2023-09-26,gcrew,noaa_gefs,12,RH_percent_mean,17,91.78124618530273
gep12,00,2023-09-09,2023-09-26,gcrew,noaa_gefs,12,Rain_mm_sum,17,17.700000673532486
gep12,00,2023-09-09,2023-09-26,gcrew,noaa_gefs,12,ShortwaveRadiation_Wm2,17,71.75
gep12,00,2023-09-09,2023-09-26,gcrew,noaa_gefs,12,WindSpeed_ms_mean,17,4.524560070543811
gep12,00,2023-09-09,2023-09-27,gcrew,noaa_gefs,12,AirTemp_C_mean,18,21.53302917480471
gep12,00,2023-09-09,2023-09-27,gcrew,noaa_gefs,12,RH_percent_mean,18,94.12124061584473
gep12,00,2023-09-09,2023-09-27,gcrew,noaa_gefs,12,Rain_mm_sum,18,26.30000001192093
gep12,00,2023-09-09,2023-09-27,gcrew,noaa_gefs,12,ShortwaveRadiation_Wm2,18,45
gep12,00,2023-09-09,2023-09-27,gcrew,noaa_gefs,12,WindSpeed_ms_mean,18,3.4376454204120614
gep12,00,2023-09-09,2023-09-28,gcrew,noaa_gefs,12,AirTemp_C_mean,19,21.010675048828148
gep12,00,2023-09-09,2023-09-28,gcrew,noaa_gefs,12,RH_percent_mean,19,92.565582275390625
gep12,00,2023-09-09,2023-09-28,gcrew,noaa_gefs,12,Rain_mm_sum,19,16.90000021457672
gep12,00,2023-09-09,2023-09-28,gcrew,noaa_gefs,12,ShortwaveRadiation_Wm2,19,77
gep12,00,2023-09-09,2023-09-28,gcrew,noaa_gefs,12,WindSpeed_ms_mean,19,4.072877205063392
gep12,00,2023-09-09,2023-09-29,gcrew,noaa_gefs,12,AirTemp_C_mean,20,15.901658630371116
gep12,00,2023-09-09,2023-09-29,gcrew,noaa_gefs,12,RH_percent_mean,20,89.57869911193848
gep12,00,2023-09-09,2023-09-29,gcrew,noaa_gefs,12,Rain_mm_sum,20,13.20000046491623
gep12,00,2023-09-09,2023-09-29,gcrew,noaa_gefs,12,ShortwaveRadiation_Wm2,20,10
gep12,00,2023-09-09,2023-09-29,gcrew,noaa_gefs,12,WindSpeed_ms_mean,20,10.247166260311577
gep12,00,2023-09-09,2023-09-30,gcrew,noaa_gefs,12,AirTemp_C_mean,21,16.05395660400393
gep12,00,2023-09-09,2023-09-30,gcrew,noaa_gefs,12,RH_percent_mean,21,83.6533432006836
gep12,00,2023-09-09,2023-09-30,gcrew,noaa_gefs,12,Rain_mm_sum,21,2.200000062584877
gep12,00,2023-09-09,2023-09-30,gcrew,noaa_gefs,12,ShortwaveRadiation_Wm2,21,40.75
gep12,00,2023-09-09,2023-09-30,gcrew,noaa_gefs,12,WindSpeed_ms_mean,21,6.540632340833415
gep12,00,2023-09-09,2023-10-01,gcrew,noaa_gefs,12,AirTemp_C_mean,22,16.407647705078148
gep12,00,2023-09-09,2023-10-01,gcrew,noaa_gefs,12,RH_percent_mean,22,57.9601993560791
gep12,00,2023-09-09,2023-10-01,gcrew,noaa_gefs,12,Rain_mm_sum,22,0
gep12,00,2023-09-09,2023-10-01,gcrew,noaa_gefs,12,ShortwaveRadiation_Wm2,22,211.75
gep12,00,2023-09-09,2023-10-01,gcrew,noaa_gefs,12,WindSpeed_ms_mean,22,5.751839360697048
gep12,00,2023-09-09,2023-10-02,gcrew,noaa_gefs,12,AirTemp_C_mean,23,14.778672790527366
gep12,00,2023-09-09,2023-10-02,gcrew,noaa_gefs,12,RH_percent_mean,23,52.730899810791016
gep12,00,2023-09-09,2023-10-02,gcrew,noaa_gefs,12,Rain_mm_sum,23,0
gep12,00,2023-09-09,2023-10-02,gcrew,noaa_gefs,12,ShortwaveRadiation_Wm2,23,213
gep12,00,2023-09-09,2023-10-02,gcrew,noaa_gefs,12,WindSpeed_ms_mean,23,2.8789626857426764
gep12,00,2023-09-09,2023-10-03,gcrew,noaa_gefs,12,AirTemp_C_mean,24,19.176812744140648
gep12,00,2023-09-09,2023-10-03,gcrew,noaa_gefs,12,RH_percent_mean,24,79.48908996582031
gep12,00,2023-09-09,2023-10-03,gcrew,noaa_gefs,12,Rain_mm_sum,24,0
gep12,00,2023-09-09,2023-10-03,gcrew,noaa_gefs,12,ShortwaveRadiation_Wm2,24,204.5
gep12,00,2023-09-09,2023-10-03,gcrew,noaa_gefs,12,WindSpeed_ms_mean,24,2.91516139807672
gep12,00,2023-09-09,2023-10-04,gcrew,noaa_gefs,12,AirTemp_C_mean,25,22.34058532714846
gep12,00,2023-09-09,2023-10-04,gcrew,noaa_gefs,12,RH_percent_mean,25,75.36294078826904
gep12,00,2023-09-09,2023-10-04,gcrew,noaa_gefs,12,Rain_mm_sum,25,0
gep12,00,2023-09-09,2023-10-04,gcrew,noaa_gefs,12,ShortwaveRadiation_Wm2,25,210.75
gep12,00,2023-09-09,2023-10-04,gcrew,noaa_gefs,12,WindSpeed_ms_mean,25,2.9960568170531348
gep12,00,2023-09-09,2023-10-05,gcrew,noaa_gefs,12,AirTemp_C_mean,26,21.978173828125023
gep12,00,2023-09-09,2023-10-05,gcrew,noaa_gefs,12,RH_percent_mean,26,62.96555137634277
gep12,00,2023-09-09,2023-10-05,gcrew,noaa_gefs,12,Rain_mm_sum,26,0.30000000447034836
gep12,00,2023-09-09,2023-10-05,gcrew,noaa_gefs,12,ShortwaveRadiation_Wm2,26,181
gep12,00,2023-09-09,2023-10-05,gcrew,noaa_gefs,12,WindSpeed_ms_mean,26,5.094556622266271
gep12,00,2023-09-09,2023-10-06,gcrew,noaa_gefs,12,AirTemp_C_mean,27,17.76600799560549
gep12,00,2023-09-09,2023-10-06,gcrew,noaa_gefs,12,RH_percent_mean,27,66.44743537902832
gep12,00,2023-09-09,2023-10-06,gcrew,noaa_gefs,12,Rain_mm_sum,27,0
gep12,00,2023-09-09,2023-10-06,gcrew,noaa_gefs,12,ShortwaveRadiation_Wm2,27,141
gep12,00,2023-09-09,2023-10-06,gcrew,noaa_gefs,12,WindSpeed_ms_mean,27,4.729005513864134
gep12,00,2023-09-09,2023-10-07,gcrew,noaa_gefs,12,AirTemp_C_mean,28,16.294488525390648
gep12,00,2023-09-09,2023-10-07,gcrew,noaa_gefs,12,RH_percent_mean,28,53.386996269226074
gep12,00,2023-09-09,2023-10-07,gcrew,noaa_gefs,12,Rain_mm_sum,28,0
gep12,00,2023-09-09,2023-10-07,gcrew,noaa_gefs,12,ShortwaveRadiation_Wm2,28,189.75
gep12,00,2023-09-09,2023-10-07,gcrew,noaa_gefs,12,WindSpeed_ms_mean,28,3.770817246533188
gep12,00,2023-09-09,2023-10-08,gcrew,noaa_gefs,12,AirTemp_C_mean,29,16.038568115234398
gep12,00,2023-09-09,2023-10-08,gcrew,noaa_gefs,12,RH_percent_mean,29,62.47337341308594
gep12,00,2023-09-09,2023-10-08,gcrew,noaa_gefs,12,Rain_mm_sum,29,0
gep12,00,2023-09-09,2023-10-08,gcrew,noaa_gefs,12,ShortwaveRadiation_Wm2,29,182
gep12,00,2023-09-09,2023-10-08,gcrew,noaa_gefs,12,WindSpeed_ms_mean,29,4.436974656013027
gep12,00,2023-09-09,2023-10-09,gcrew,noaa_gefs,12,AirTemp_C_mean,30,18.04213104248049
gep12,00,2023-09-09,2023-10-09,gcrew,noaa_gefs,12,RH_percent_mean,30,64.63348579406738
gep12,00,2023-09-09,2023-10-09,gcrew,noaa_gefs,12,Rain_mm_sum,30,0.10000000149011612
gep12,00,2023-09-09,2023-10-09,gcrew,noaa_gefs,12,ShortwaveRadiation_Wm2,30,180.5
gep12,00,2023-09-09,2023-10-09,gcrew,noaa_gefs,12,WindSpeed_ms_mean,30,7.391516267652271
gep12,00,2023-09-09,2023-10-10,gcrew,noaa_gefs,12,AirTemp_C_mean,31,10.97205505371096
gep12,00,2023-09-09,2023-10-10,gcrew,noaa_gefs,12,RH_percent_mean,31,45.596985816955566
gep12,00,2023-09-09,2023-10-10,gcrew,noaa_gefs,12,Rain_mm_sum,31,0
gep12,00,2023-09-09,2023-10-10,gcrew,noaa_gefs,12,ShortwaveRadiation_Wm2,31,209.25
gep12,00,2023-09-09,2023-10-10,gcrew,noaa_gefs,12,WindSpeed_ms_mean,31,4.847591688904462
gep12,00,2023-09-09,2023-10-11,gcrew,noaa_gefs,12,AirTemp_C_mean,32,13.605989074707054
gep12,00,2023-09-09,2023-10-11,gcrew,noaa_gefs,12,RH_percent_mean,32,67.84227752685547
gep12,00,2023-09-09,2023-10-11,gcrew,noaa_gefs,12,Rain_mm_sum,32,0.10000000149011612
gep12,00,2023-09-09,2023-10-11,gcrew,noaa_gefs,12,ShortwaveRadiation_Wm2,32,119
gep12,00,2023-09-09,2023-10-11,gcrew,noaa_gefs,12,WindSpeed_ms_mean,32,4.346613717382562
gep12,00,2023-09-09,2023-10-12,gcrew,noaa_gefs,12,AirTemp_C_mean,33,20.219476318359398
gep12,00,2023-09-09,2023-10-12,gcrew,noaa_gefs,12,RH_percent_mean,33,86.41911506652832
gep12,00,2023-09-09,2023-10-12,gcrew,noaa_gefs,12,Rain_mm_sum,33,0.10000000149011612
gep12,00,2023-09-09,2023-10-12,gcrew,noaa_gefs,12,ShortwaveRadiation_Wm2,33,121
gep12,00,2023-09-09,2023-10-12,gcrew,noaa_gefs,12,WindSpeed_ms_mean,33,6.458461832002699
gep12,00,2023-09-09,2023-10-13,gcrew,noaa_gefs,12,AirTemp_C_mean,34,21.163812255859398
gep12,00,2023-09-09,2023-10-13,gcrew,noaa_gefs,12,RH_percent_mean,34,83.2275333404541
gep12,00,2023-09-09,2023-10-13,gcrew,noaa_gefs,12,Rain_mm_sum,34,26.900000289082527
gep12,00,2023-09-09,2023-10-13,gcrew,noaa_gefs,12,ShortwaveRadiation_Wm2,34,84.75
gep12,00,2023-09-09,2023-10-13,gcrew,noaa_gefs,12,WindSpeed_ms_mean,34,7.309394128531857
gep12,00,2023-09-09,2023-10-14,gcrew,noaa_gefs,12,AirTemp_C_mean,35,17.296502685546898
gep12,00,2023-09-09,2023-10-14,gcrew,noaa_gefs,12,RH_percent_mean,35,54.04242706298828
gep12,00,2023-09-09,2023-10-14,gcrew,noaa_gefs,12,Rain_mm_sum,35,0
gep12,00,2023-09-09,2023-10-14,gcrew,noaa_gefs,12,ShortwaveRadiation_Wm2,35,247
gep12,00,2023-09-09,2023-10-14,gcrew,noaa_gefs,12,WindSpeed_ms_mean,35,7.0066434777233235
gep13,00,2023-09-09,2023-09-09,gcrew,noaa_gefs,13,AirTemp_C_mean,0,24.57565133231029
gep13,00,2023-09-09,2023-09-09,gcrew,noaa_gefs,13,RH_percent_mean,0,81.28700474330357
gep13,00,2023-09-09,2023-09-09,gcrew,noaa_gefs,13,Rain_mm_sum,0,9.989999949932098
gep13,00,2023-09-09,2023-09-09,gcrew,noaa_gefs,13,ShortwaveRadiation_Wm2,0,208.42857142857142
gep13,00,2023-09-09,2023-09-09,gcrew,noaa_gefs,13,WindSpeed_ms_mean,0,2.244640159790602
gep13,00,2023-09-09,2023-09-10,gcrew,noaa_gefs,13,AirTemp_C_mean,1,23.364217376709007
gep13,00,2023-09-09,2023-09-10,gcrew,noaa_gefs,13,RH_percent_mean,1,79.58796691894531
gep13,00,2023-09-09,2023-09-10,gcrew,noaa_gefs,13,Rain_mm_sum,1,2.1700000278651714
gep13,00,2023-09-09,2023-09-10,gcrew,noaa_gefs,13,ShortwaveRadiation_Wm2,1,106
gep13,00,2023-09-09,2023-09-10,gcrew,noaa_gefs,13,WindSpeed_ms_mean,1,2.0001020501904465
gep13,00,2023-09-09,2023-09-11,gcrew,noaa_gefs,13,AirTemp_C_mean,2,23.99094161987307
gep13,00,2023-09-09,2023-09-11,gcrew,noaa_gefs,13,RH_percent_mean,2,76.6868748664856
gep13,00,2023-09-09,2023-09-11,gcrew,noaa_gefs,13,Rain_mm_sum,2,14.520000278949738
gep13,00,2023-09-09,2023-09-11,gcrew,noaa_gefs,13,ShortwaveRadiation_Wm2,2,236.125
gep13,00,2023-09-09,2023-09-11,gcrew,noaa_gefs,13,WindSpeed_ms_mean,2,1.2761169694246208
gep13,00,2023-09-09,2023-09-12,gcrew,noaa_gefs,13,AirTemp_C_mean,3,24.883412933349632
gep13,00,2023-09-09,2023-09-12,gcrew,noaa_gefs,13,RH_percent_mean,3,71.71621131896973
gep13,00,2023-09-09,2023-09-12,gcrew,noaa_gefs,13,Rain_mm_sum,3,5.510000050067902
gep13,00,2023-09-09,2023-09-12,gcrew,noaa_gefs,13,ShortwaveRadiation_Wm2,3,235.5
gep13,00,2023-09-09,2023-09-12,gcrew,noaa_gefs,13,WindSpeed_ms_mean,3,2.631870711383254
gep13,00,2023-09-09,2023-09-13,gcrew,noaa_gefs,13,AirTemp_C_mean,4,22.81793365478518
gep13,00,2023-09-09,2023-09-13,gcrew,noaa_gefs,13,RH_percent_mean,4,73.45065355300903
gep13,00,2023-09-09,2023-09-13,gcrew,noaa_gefs,13,Rain_mm_sum,4,13.47999992966652
gep13,00,2023-09-09,2023-09-13,gcrew,noaa_gefs,13,ShortwaveRadiation_Wm2,4,134.25
gep13,00,2023-09-09,2023-09-13,gcrew,noaa_gefs,13,WindSpeed_ms_mean,4,3.913124752342366
gep13,00,2023-09-09,2023-09-14,gcrew,noaa_gefs,13,AirTemp_C_mean,5,21.205693817138695
gep13,00,2023-09-09,2023-09-14,gcrew,noaa_gefs,13,RH_percent_mean,5,50.70257902145386
gep13,00,2023-09-09,2023-09-14,gcrew,noaa_gefs,13,Rain_mm_sum,5,0.20000000298023224
gep13,00,2023-09-09,2023-09-14,gcrew,noaa_gefs,13,ShortwaveRadiation_Wm2,5,266.875
gep13,00,2023-09-09,2023-09-14,gcrew,noaa_gefs,13,WindSpeed_ms_mean,5,3.7478175500416757
gep13,00,2023-09-09,2023-09-15,gcrew,noaa_gefs,13,AirTemp_C_mean,6,20.683343505859398
gep13,00,2023-09-09,2023-09-15,gcrew,noaa_gefs,13,RH_percent_mean,6,51.90177011489868
gep13,00,2023-09-09,2023-09-15,gcrew,noaa_gefs,13,Rain_mm_sum,6,0
gep13,00,2023-09-09,2023-09-15,gcrew,noaa_gefs,13,ShortwaveRadiation_Wm2,6,267.125
gep13,00,2023-09-09,2023-09-15,gcrew,noaa_gefs,13,WindSpeed_ms_mean,6,4.967512346372693
gep13,00,2023-09-09,2023-09-16,gcrew,noaa_gefs,13,AirTemp_C_mean,7,21.02536544799807
gep13,00,2023-09-09,2023-09-16,gcrew,noaa_gefs,13,RH_percent_mean,7,53.187461853027344
gep13,00,2023-09-09,2023-09-16,gcrew,noaa_gefs,13,Rain_mm_sum,7,0
gep13,00,2023-09-09,2023-09-16,gcrew,noaa_gefs,13,ShortwaveRadiation_Wm2,7,267.25
gep13,00,2023-09-09,2023-09-16,gcrew,noaa_gefs,13,WindSpeed_ms_mean,7,4.777442492071275
gep13,00,2023-09-09,2023-09-17,gcrew,noaa_gefs,13,AirTemp_C_mean,8,21.546594238281273
gep13,00,2023-09-09,2023-09-17,gcrew,noaa_gefs,13,RH_percent_mean,8,53.33281660079956
gep13,00,2023-09-09,2023-09-17,gcrew,noaa_gefs,13,Rain_mm_sum,8,0
gep13,00,2023-09-09,2023-09-17,gcrew,noaa_gefs,13,ShortwaveRadiation_Wm2,8,259.625
gep13,00,2023-09-09,2023-09-17,gcrew,noaa_gefs,13,WindSpeed_ms_mean,8,1.228218844842356
gep13,00,2023-09-09,2023-09-18,gcrew,noaa_gefs,13,AirTemp_C_mean,9,22.745000457763695
gep13,00,2023-09-09,2023-09-18,gcrew,noaa_gefs,13,RH_percent_mean,9,58.80604076385498
gep13,00,2023-09-09,2023-09-18,gcrew,noaa_gefs,13,Rain_mm_sum,9,0.12000000104308128
gep13,00,2023-09-09,2023-09-18,gcrew,noaa_gefs,13,ShortwaveRadiation_Wm2,9,171.375
gep13,00,2023-09-09,2023-09-18,gcrew,noaa_gefs,13,WindSpeed_ms_mean,9,3.6700750408084533
gep13,00,2023-09-09,2023-09-19,gcrew,noaa_gefs,13,AirTemp_C_mean,10,21.85382232666018
gep13,00,2023-09-09,2023-09-19,gcrew,noaa_gefs,13,RH_percent_mean,10,51.910043716430664
gep13,00,2023-09-09,2023-09-19,gcrew,noaa_gefs,13,Rain_mm_sum,10,0
gep13,00,2023-09-09,2023-09-19,gcrew,noaa_gefs,13,ShortwaveRadiation_Wm2,10,222.75
gep13,00,2023-09-09,2023-09-19,gcrew,noaa_gefs,13,WindSpeed_ms_mean,10,4.17428520665981
gep13,00,2023-09-09,2023-09-20,gcrew,noaa_gefs,13,AirTemp_C_mean,11,20.50086364746096
gep13,00,2023-09-09,2023-09-20,gcrew,noaa_gefs,13,RH_percent_mean,11,56.514787673950195
gep13,00,2023-09-09,2023-09-20,gcrew,noaa_gefs,13,Rain_mm_sum,11,0
gep13,00,2023-09-09,2023-09-20,gcrew,noaa_gefs,13,ShortwaveRadiation_Wm2,11,223.75
gep13,00,2023-09-09,2023-09-20,gcrew,noaa_gefs,13,WindSpeed_ms_mean,11,3.8783071905583006
gep13,00,2023-09-09,2023-09-21,gcrew,noaa_gefs,13,AirTemp_C_mean,12,21.212396240234398
gep13,00,2023-09-09,2023-09-21,gcrew,noaa_gefs,13,RH_percent_mean,12,57.83141326904297
gep13,00,2023-09-09,2023-09-21,gcrew,noaa_gefs,13,Rain_mm_sum,12,0
gep13,00,2023-09-09,2023-09-21,gcrew,noaa_gefs,13,ShortwaveRadiation_Wm2,12,217.75
gep13,00,2023-09-09,2023-09-21,gcrew,noaa_gefs,13,WindSpeed_ms_mean,12,3.3514963749039914
gep13,00,2023-09-09,2023-09-22,gcrew,noaa_gefs,13,AirTemp_C_mean,13,23.03926239013674
gep13,00,2023-09-09,2023-09-22,gcrew,noaa_gefs,13,RH_percent_mean,13,61.35855007171631
gep13,00,2023-09-09,2023-09-22,gcrew,noaa_gefs,13,Rain_mm_sum,13,0
gep13,00,2023-09-09,2023-09-22,gcrew,noaa_gefs,13,ShortwaveRadiation_Wm2,13,219.75
gep13,00,2023-09-09,2023-09-22,gcrew,noaa_gefs,13,WindSpeed_ms_mean,13,1.8093905060696394
gep13,00,2023-09-09,2023-09-23,gcrew,noaa_gefs,13,AirTemp_C_mean,14,22.375588989257835
gep13,00,2023-09-09,2023-09-23,gcrew,noaa_gefs,13,RH_percent_mean,14,63.70778179168701
gep13,00,2023-09-09,2023-09-23,gcrew,noaa_gefs,13,Rain_mm_sum,14,0
gep13,00,2023-09-09,2023-09-23,gcrew,noaa_gefs,13,ShortwaveRadiation_Wm2,14,232
gep13,00,2023-09-09,2023-09-23,gcrew,noaa_gefs,13,WindSpeed_ms_mean,14,4.553198777918426
gep13,00,2023-09-09,2023-09-24,gcrew,noaa_gefs,13,AirTemp_C_mean,15,21.508035278320335
gep13,00,2023-09-09,2023-09-24,gcrew,noaa_gefs,13,RH_percent_mean,15,75.4688196182251
gep13,00,2023-09-09,2023-09-24,gcrew,noaa_gefs,13,Rain_mm_sum,15,0.20000000298023224
gep13,00,2023-09-09,2023-09-24,gcrew,noaa_gefs,13,ShortwaveRadiation_Wm2,15,161
gep13,00,2023-09-09,2023-09-24,gcrew,noaa_gefs,13,WindSpeed_ms_mean,15,5.2646868981549435
gep13,00,2023-09-09,2023-09-25,gcrew,noaa_gefs,13,AirTemp_C_mean,16,22.39338836669924
gep13,00,2023-09-09,2023-09-25,gcrew,noaa_gefs,13,RH_percent_mean,16,80.72414588928223
gep13,00,2023-09-09,2023-09-25,gcrew,noaa_gefs,13,Rain_mm_sum,16,0.700000025331974
gep13,00,2023-09-09,2023-09-25,gcrew,noaa_gefs,13,ShortwaveRadiation_Wm2,16,134.25
gep13,00,2023-09-09,2023-09-25,gcrew,noaa_gefs,13,WindSpeed_ms_mean,16,3.9959241047420417
gep13,00,2023-09-09,2023-09-26,gcrew,noaa_gefs,13,AirTemp_C_mean,17,21.122277832031273
gep13,00,2023-09-09,2023-09-26,gcrew,noaa_gefs,13,RH_percent_mean,17,91.78124618530273
gep13,00,2023-09-09,2023-09-26,gcrew,noaa_gefs,13,Rain_mm_sum,17,17.700000673532486
gep13,00,2023-09-09,2023-09-26,gcrew,noaa_gefs,13,ShortwaveRadiation_Wm2,17,71.75
gep13,00,2023-09-09,2023-09-26,gcrew,noaa_gefs,13,WindSpeed_ms_mean,17,4.524560070543811
gep13,00,2023-09-09,2023-09-27,gcrew,noaa_gefs,13,AirTemp_C_mean,18,21.53302917480471
gep13,00,2023-09-09,2023-09-27,gcrew,noaa_gefs,13,RH_percent_mean,18,94.12124061584473
gep13,00,2023-09-09,2023-09-27,gcrew,noaa_gefs,13,Rain_mm_sum,18,26.30000001192093
gep13,00,2023-09-09,2023-09-27,gcrew,noaa_gefs,13,ShortwaveRadiation_Wm2,18,45
gep13,00,2023-09-09,2023-09-27,gcrew,noaa_gefs,13,WindSpeed_ms_mean,18,3.4376454204120614
gep13,00,2023-09-09,2023-09-28,gcrew,noaa_gefs,13,AirTemp_C_mean,19,21.010675048828148
gep13,00,2023-09-09,2023-09-28,gcrew,noaa_gefs,13,RH_percent_mean,19,92.565582275390625
gep13,00,2023-09-09,2023-09-28,gcrew,noaa_gefs,13,Rain_mm_sum,19,16.90000021457672
gep13,00,2023-09-09,2023-09-28,gcrew,noaa_gefs,13,ShortwaveRadiation_Wm2,19,77
gep13,00,2023-09-09,2023-09-28,gcrew,noaa_gefs,13,WindSpeed_ms_mean,19,4.072877205063392
gep13,00,2023-09-09,2023-09-29,gcrew,noaa_gefs,13,AirTemp_C_mean,20,15.901658630371116
gep13,00,2023-09-09,2023-09-29,gcrew,noaa_gefs,13,RH_percent_mean,20,89.57869911193848
gep13,00,2023-09-09,2023-09-29,gcrew,noaa_gefs,13,Rain_mm_sum,20,13.20000046491623
gep13,00,2023-09-09,2023-09-29,gcrew,noaa_gefs,13,ShortwaveRadiation_Wm2,20,10
gep13,00,2023-09-09,2023-09-29,gcrew,noaa_gefs,13,WindSpeed_ms_mean,20,10.247166260311577
gep13,00,2023-09-09,2023-09-30,gcrew,noaa_gefs,13,AirTemp_C_mean,21,16.05395660400393
gep13,00,2023-09-09,2023-09-30,gcrew,noaa_gefs,13,RH_percent_mean,21,83.6533432006836
gep13,00,2023-09-09,2023-09-30,gcrew,noaa_gefs,13,Rain_mm_sum,21,2.200000062584877
gep13,00,2023-09-09,2023-09-30,gcrew,noaa_gefs,13,ShortwaveRadiation_Wm2,21,40.75
gep13,00,2023-09-09,2023-09-30,gcrew,noaa_gefs,13,WindSpeed_ms_mean,21,6.540632340833415
gep13,00,2023-09-09,2023-10-01,gcrew,noaa_gefs,13,AirTemp_C_mean,22,16.407647705078148
gep13,00,2023-09-09,2023-10-01,gcrew,noaa_gefs,13,RH_percent_mean,22,57.9601993560791
gep13,00,2023-09-09,2023-10-01,gcrew,noaa_gefs,13,Rain_mm_sum,22,0
gep13,00,2023-09-09,2023-10-01,gcrew,noaa_gefs,13,ShortwaveRadiation_Wm2,22,211.75
gep13,00,2023-09-09,2023-10-01,gcrew,noaa_gefs,13,WindSpeed_ms_mean,22,5.751839360697048
gep13,00,2023-09-09,2023-10-02,gcrew,noaa_gefs,13,AirTemp_C_mean,23,14.778672790527366
gep13,00,2023-09-09,2023-10-02,gcrew,noaa_gefs,13,RH_percent_mean,23,52.730899810791016
gep13,00,2023-09-09,2023-10-02,gcrew,noaa_gefs,13,Rain_mm_sum,23,0
gep13,00,2023-09-09,2023-10-02,gcrew,noaa_gefs,13,ShortwaveRadiation_Wm2,23,213
gep13,00,2023-09-09,2023-10-02,gcrew,noaa_gefs,13,WindSpeed_ms_mean,23,2.8789626857426764
gep13,00,2023-09-09,2023-10-03,gcrew,noaa_gefs,13,AirTemp_C_mean,24,19.176812744140648
gep13,00,2023-09-09,2023-10-03,gcrew,noaa_gefs,13,RH_percent_mean,24,79.48908996582031
gep13,00,2023-09-09,2023-10-03,gcrew,noaa_gefs,13,Rain_mm_sum,24,0
gep13,00,2023-09-09,2023-10-03,gcrew,noaa_gefs,13,ShortwaveRadiation_Wm2,24,204.5
gep13,00,2023-09-09,2023-10-03,gcrew,noaa_gefs,13,WindSpeed_ms_mean,24,2.91516139807672
gep13,00,2023-09-09,2023-10-04,gcrew,noaa_gefs,13,AirTemp_C_mean,25,22.34058532714846
gep13,00,2023-09-09,2023-10-04,gcrew,noaa_gefs,13,RH_percent_mean,25,75.36294078826904
gep13,00,2023-09-09,2023-10-04,gcrew,noaa_gefs,13,Rain_mm_sum,25,0
gep13,00,2023-09-09,2023-10-04,gcrew,noaa_gefs,13,ShortwaveRadiation_Wm2,25,210.75
gep13,00,2023-09-09,2023-10-04,gcrew,noaa_gefs,13,WindSpeed_ms_mean,25,2.9960568170531348
gep13,00,2023-09-09,2023-10-05,gcrew,noaa_gefs,13,AirTemp_C_mean,26,21.978173828125023
gep13,00,2023-09-09,2023-10-05,gcrew,noaa_gefs,13,RH_percent_mean,26,62.96555137634277
gep13,00,2023-09-09,2023-10-05,gcrew,noaa_gefs,13,Rain_mm_sum,26,0.30000000447034836
gep13,00,2023-09-09,2023-10-05,gcrew,noaa_gefs,13,ShortwaveRadiation_Wm2,26,181
gep13,00,2023-09-09,2023-10-05,gcrew,noaa_gefs,13,WindSpeed_ms_mean,26,5.094556622266271
gep13,00,2023-09-09,2023-10-06,gcrew,noaa_gefs,13,AirTemp_C_mean,27,17.76600799560549
gep13,00,2023-09-09,2023-10-06,gcrew,noaa_gefs,13,RH_percent_mean,27,66.44743537902832
gep13,00,2023-09-09,2023-10-06,gcrew,noaa_gefs,13,Rain_mm_sum,27,0
gep13,00,2023-09-09,2023-10-06,gcrew,noaa_gefs,13,ShortwaveRadiation_Wm2,27,141
gep13,00,2023-09-09,2023-10-06,gcrew,noaa_gefs,13,WindSpeed_ms_mean,27,4.729005513864134
gep13,00,2023-09-09,2023-10-07,gcrew,noaa_gefs,13,AirTemp_C_mean,28,16.294488525390648
gep13,00,2023-09-09,2023-10-07,gcrew,noaa_gefs,13,RH_percent_mean,28,53.386996269226074
gep13,00,2023-09-09,2023-10-07,gcrew,noaa_gefs,13,Rain_mm_sum,28,0
gep13,00,2023-09-09,2023-10-07,gcrew,noaa_gefs,13,ShortwaveRadiation_Wm2,28,189.75
gep13,00,2023-09-09,2023-10-07,gcrew,noaa_gefs,13,WindSpeed_ms_mean,28,3.770817246533188
gep13,00,2023-09-09,2023-10-08,gcrew,noaa_gefs,13,AirTemp_C_mean,29,16.038568115234398
gep13,00,2023-09-09,2023-10-08,gcrew,noaa_gefs,13,RH_percent_mean,29,62.47337341308594
gep13,00,2023-09-09,2023-10-08,gcrew,noaa_gefs,13,Rain_mm_sum,29,0
gep13,00,2023-09-09,2023-10-08,gcrew,noaa_gefs,13,ShortwaveRadiation_Wm2,29,182
gep13,00,2023-09-09,2023-10-08,gcrew,noaa_gefs,13,WindSpeed_ms_mean,29,4.436974656013027
gep13,00,2023-09-09,2023-10-09,gcrew,noaa_gefs,13,AirTemp_C_mean,30,18.04213104248049
gep13,00,2023-09-09,2023-10-09,gcrew,noaa_gefs,13,RH_percent_mean,30,64.63348579406738
gep13,00,2023-09-09,2023-10-09,gcrew,noaa_gefs,13,Rain_mm_sum,30,0.10000000149011612
gep13,00,2023-09-09,2023-10-09,gcrew,noaa_gefs,13,ShortwaveRadiation_Wm2,30,180.5
gep13,00,2023-09-09,2023-10-09,gcrew,noaa_gefs,13,WindSpeed_ms_mean,30,7.391516267652271
gep13,00,2023-09-09,2023-10-10,gcrew,noaa_gefs,13,AirTemp_C_mean,31,10.97205505371096
gep13,00,2023-09-09,2023-10-10,gcrew,noaa_gefs,13,RH_percent_mean,31,45.596985816955566
gep13,00,2023-09-09,2023-10-10,gcrew,noaa_gefs,13,Rain_mm_sum,31,0
gep13,00,2023-09-09,2023-10-10,gcrew,noaa_gefs,13,ShortwaveRadiation_Wm2,31,209.25
gep13,00,2023-09-09,2023-10-10,gcrew,noaa_gefs,13,WindSpeed_ms_mean,31,4.847591688904462
gep13,00,2023-09-09,2023-10-11,gcrew,noaa_gefs,13,AirTemp_C_mean,32,13.605989074707054
gep13,00,2023-09-09,2023-10-11,gcrew,noaa_gefs,13,RH_percent_mean,32,67.84227752685547
gep13,00,2023-09-09,2023-10-11,gcrew,noaa_gefs,13,Rain_mm_sum,32,0.10000000149011612
gep13,00,2023-09-09,2023-10-11,gcrew,noaa_gefs,13,ShortwaveRadiation_Wm2,32,119
gep13,00,2023-09-09,2023-10-11,gcrew,noaa_gefs,13,WindSpeed_ms_mean,32,4.346613717382562
gep13,00,2023-09-09,2023-10-12,gcrew,noaa_gefs,13,AirTemp_C_mean,33,20.219476318359398
gep13,00,2023-09-09,2023-10-12,gcrew,noaa_gefs,13,RH_percent_mean,33,86.41911506652832
gep13,00,2023-09-09,2023-10-12,gcrew,noaa_gefs,13,Rain_mm_sum,33,0.10000000149011612
gep13,00,2023-09-09,2023-10-12,gcrew,noaa_gefs,13,ShortwaveRadiation_Wm2,33,121
gep13,00,2023-09-09,2023-10-12,gcrew,noaa_gefs,13,WindSpeed_ms_mean,33,6.458461832002699
gep13,00,2023-09-09,2023-10-13,gcrew,noaa_gefs,13,AirTemp_C_mean,34,21.163812255859398
gep13,00,2023-09-09,2023-10-13,gcrew,noaa_gefs,13,RH_percent_mean,34,83.2275333404541
gep13,00,2023-09-09,2023-10-13,gcrew,noaa_gefs,13,Rain_mm_sum,34,26.900000289082527
gep13,00,2023-09-09,2023-10-13,gcrew,noaa_gefs,13,ShortwaveRadiation_Wm2,34,84.75
gep13,00,2023-09-09,2023-10-13,gcrew,noaa_gefs,13,WindSpeed_ms_mean,34,7.309394128531857
gep13,00,2023-09-09,2023-10-14,gcrew,noaa_gefs,13,AirTemp_C_mean,35,17.296502685546898
gep13,00,2023-09-09,2023-10-14,gcrew,noaa_gefs,13,RH_percent_mean,35,54.04242706298828
gep13,00,2023-09-09,2023-10-14,gcrew,noaa_gefs,13,Rain_mm_sum,35,0
gep13,00,2023-09-09,2023-10-14,gcrew,noaa_gefs,13,ShortwaveRadiation_Wm2,35,247
gep13,00,2023-09-09,2023-10-14,gcrew,noaa_gefs,13,WindSpeed_ms_mean,35,7.0066434777233235
gep14,00,2023-09-09,2023-09-09,gcrew,noaa_gefs,14,AirTemp_C_mean,0,24.57565133231029
gep14,00,2023-09-09,2023-09-09,gcrew,noaa_gefs,14,RH_percent_mean,0,81.28700474330357
gep14,00,2023-09-09,2023-09-09,gcrew,noaa_gefs,14,Rain_mm_sum,0,9.989999949932098
gep14,00,2023-09-09,2023-09-09,gcrew,noaa_gefs,14,ShortwaveRadiation_Wm2,0,208.42857142857142
gep14,00,2023-09-09,2023-09-09,gcrew,noaa_gefs,14,WindSpeed_ms_mean,0,2.244640159790602
gep14,00,2023-09-09,2023-09-10,gcrew,noaa_gefs,14,AirTemp_C_mean,1,23.364217376709007
gep14,00,2023-09-09,2023-09-10,gcrew,noaa_gefs,14,RH_percent_mean,1,79.58796691894531
gep14,00,2023-09-09,2023-09-10,gcrew,noaa_gefs,14,Rain_mm_sum,1,2.1700000278651714
gep14,00,2023-09-09,2023-09-10,gcrew,noaa_gefs,14,ShortwaveRadiation_Wm2,1,106
gep14,00,2023-09-09,2023-09-10,gcrew,noaa_gefs,14,WindSpeed_ms_mean,1,2.0001020501904465
gep14,00,2023-09-09,2023-09-11,gcrew,noaa_gefs,14,AirTemp_C_mean,2,23.99094161987307
gep14,00,2023-09-09,2023-09-11,gcrew,noaa_gefs,14,RH_percent_mean,2,76.6868748664856
gep14,00,2023-09-09,2023-09-11,gcrew,noaa_gefs,14,Rain_mm_sum,2,14.520000278949738
gep14,00,2023-09-09,2023-09-11,gcrew,noaa_gefs,14,ShortwaveRadiation_Wm2,2,236.125
gep14,00,2023-09-09,2023-09-11,gcrew,noaa_gefs,14,WindSpeed_ms_mean,2,1.2761169694246208
gep14,00,2023-09-09,2023-09-12,gcrew,noaa_gefs,14,AirTemp_C_mean,3,24.883412933349632
gep14,00,2023-09-09,2023-09-12,gcrew,noaa_gefs,14,RH_percent_mean,3,71.71621131896973
gep14,00,2023-09-09,2023-09-12,gcrew,noaa_gefs,14,Rain_mm_sum,3,5.510000050067902
gep14,00,2023-09-09,2023-09-12,gcrew,noaa_gefs,14,ShortwaveRadiation_Wm2,3,235.5
gep14,00,2023-09-09,2023-09-12,gcrew,noaa_gefs,14,WindSpeed_ms_mean,3,2.631870711383254
gep14,00,2023-09-09,2023-09-13,gcrew,noaa_gefs,14,AirTemp_C_mean,4,22.81793365478518
gep14,00,2023-09-09,2023-09-13,gcrew,noaa_gefs,14,RH_percent_mean,4,73.45065355300903
gep14,00,2023-09-09,2023-09-13,gcrew,noaa_gefs,14,Rain_mm_sum,4,13.47999992966652
gep14,00,2023-09-09,2023-09-13,gcrew,noaa_gefs,14,ShortwaveRadiation_Wm2,4,134.25
gep14,00,2023-09-09,2023-09-13,gcrew,noaa_gefs,14,WindSpeed_ms_mean,4,3.913124752342366
gep14,00,2023-09-09,2023-09-14,gcrew,noaa_gefs,14,AirTemp_C_mean,5,21.205693817138695
gep14,00,2023-09-09,2023-09-14,gcrew,noaa_gefs,14,RH_percent_mean,5,50.70257902145386
gep14,00,2023-09-09,2023-09-14,gcrew,noaa_gefs,14,Rain_mm_sum,5,0.20000000298023224
gep14,00,2023-09-09,2023-09-14,gcrew,noaa_gefs,14,ShortwaveRadiation_Wm2,5,266.875
gep14,00,2023-09-09,2023-09-14,gcrew,noaa_gefs,14,WindSpeed_ms_mean,5,3.7478175500416757
gep14,00,2023-09-09,2023-09-15,gcrew,noaa_gefs,14,AirTemp_C_mean,6,20.683343505859398
gep14,00,2023-09-09,2023-09-15,gcrew,noaa_gefs,14,RH_percent_mean,6,51.90177011489868
gep14,00,2023-09-09,2023-09-15,gcrew,noaa_gefs,14,Rain_mm_sum,6,0
gep14,00,2023-09-09,2023-09-15,gcrew,noaa_gefs,14,ShortwaveRadiation_Wm2,6,267.125
gep14,00,2023-09-09,2023-09-15,gcrew,noaa_gefs,14,WindSpeed_ms_mean,6,4.967512346372693
gep14,00,2023-09-09,2023-09-16,gcrew,noaa_gefs,14,AirTemp_C_mean,7,21.02536544799807
gep14,00,2023-09-09,2023-09-16,gcrew,noaa_gefs,14,RH_percent_mean,7,53.187461853027344
gep14,00,2023-09-09,2023-09-16,gcrew,noaa_gefs,14,Rain_mm_sum,7,0
gep14,00,2023-09-09,2023-09-16,gcrew,noaa_gefs,14,ShortwaveRadiation_Wm2,7,267.25
gep14,00,2023-09-09,2023-09-16,gcrew,noaa_gefs,14,WindSpeed_ms_mean,7,4.777442492071275
gep14,00,2023-09-09,2023-09-17,gcrew,noaa_gefs,14,AirTemp_C_mean,8,21.546594238281273
gep14,00,2023-09-09,2023-09-17,gcrew,noaa_gefs,14,RH_percent_mean,8,53.33281660079956
gep14,00,2023-09-09,2023-09-17,gcrew,noaa_gefs,14,Rain_mm_sum,8,0
gep14,00,2023-09-09,2023-09-17,gcrew,noaa_gefs,14,ShortwaveRadiation_Wm2,8,259.625
gep14,00,2023-09-09,2023-09-17,gcrew,noaa_gefs,14,WindSpeed_ms_mean,8,1.228218844842356
gep14,00,2023-09-09,2023-09-18,gcrew,noaa_gefs,14,AirTemp_C_mean,9,22.745000457763695
gep14,00,2023-09-09,2023-09-18,gcrew,noaa_gefs,14,RH_percent_mean,9,58.80604076385498
gep14,00,2023-09-09,2023-09-18,gcrew,noaa_gefs,14,Rain_mm_sum,9,0.12000000104308128
gep14,00,2023-09-09,2023-09-18,gcrew,noaa_gefs,14,ShortwaveRadiation_Wm2,9,171.375
gep14,00,2023-09-09,2023-09-18,gcrew,noaa_gefs,14,WindSpeed_ms_mean,9,3.6700750408084533
gep14,00,2023-09-09,2023-09-19,gcrew,noaa_gefs,14,AirTemp_C_mean,10,21.85382232666018
gep14,00,2023-09-09,2023-09-19,gcrew,noaa_gefs,14,RH_percent_mean,10,51.910043716430664
gep14,00,2023-09-09,2023-09-19,gcrew,noaa_gefs,14,Rain_mm_sum,10,0
gep14,00,2023-09-09,2023-09-19,gcrew,noaa_gefs,14,ShortwaveRadiation_Wm2,10,222.75
gep14,00,2023-09-09,2023-09-19,gcrew,noaa_gefs,14,WindSpeed_ms_mean,10,4.17428520665981
gep14,00,2023-09-09,2023-09-20,gcrew,noaa_gefs,14,AirTemp_C_mean,11,20.50086364746096
gep14,00,2023-09-09,2023-09-20,gcrew,noaa_gefs,14,RH_percent_mean,11,56.514787673950195
gep14,00,2023-09-09,2023-09-20,gcrew,noaa_gefs,14,Rain_mm_sum,11,0
gep14,00,2023-09-09,2023-09-20,gcrew,noaa_gefs,14,ShortwaveRadiation_Wm2,11,223.75
gep14,00,2023-09-09,2023-09-20,gcrew,noaa_gefs,14,WindSpeed_ms_mean,11,3.8783071905583006
gep14,00,2023-09-09,2023-09-21,gcrew,noaa_gefs,14,AirTemp_C_mean,12,21.212396240234398
gep14,00,2023-09-09,2023-09-21,gcrew,noaa_gefs,14,RH_percent_mean,12,57.83141326904297
gep14,00,2023-09-09,2023-09-21,gcrew,noaa_gefs,14,Rain_mm_sum,12,0
gep14,00,2023-09-09,2023-09-21,gcrew,noaa_gefs,14,ShortwaveRadiation_Wm2,12,217.75
gep14,00,2023-09-09,2023-09-21,gcrew,noaa_gefs,14,WindSpeed_ms_mean,12,3.3514963749039914
gep14,00,2023-09-09,2023-09-22,gcrew,noaa_gefs,14,AirTemp_C_mean,13,23.03926239013674
gep14,00,2023-09-09,2023-09-22,gcrew,noaa_gefs,14,RH_percent_mean,13,61.35855007171631
gep14,00,2023-09-09,2023-09-22,gcrew,noaa_gefs,14,Rain_mm_sum,13,0
gep14,00,2023-09-09,2023-09-22,gcrew,noaa_gefs,14,ShortwaveRadiation_Wm2,13,219.75
gep14,00,2023-09-09,2023-09-22,gcrew,noaa_gefs,14,WindSpeed_ms_mean,13,1.8093905060696394
gep14,00,2023-09-09,2023-09-23,gcrew,noaa_gefs,14,AirTemp_C_mean,14,22.375588989257835
gep14,00,2023-09-09,2023-09-23,gcrew,noaa_gefs,14,RH_percent_mean,14,63.70778179168701
gep14,00,2023-09-09,2023-09-23,gcrew,noaa_gefs,14,Rain_mm_sum,14,0
gep14,00,2023-09-09,2023-09-23,gcrew,noaa_gefs,14,ShortwaveRadiation_Wm2,14,232
gep14,00,2023-09-09,2023-09-23,gcrew,noaa_gefs,14,WindSpeed_ms_mean,14,4.553198777918426
gep14,00,2023-09-09,2023-09-24,gcrew,noaa_gefs,14,AirTemp_C_mean,15,21.508035278320335
gep14,00,2023-09-09,2023-09-24,gcrew,noaa_gefs,14,RH_percent_mean,15,75.4688196182251
gep14,00,2023-09-09,2023-09-24,gcrew,noaa_gefs,14,Rain_mm_sum,15,0.20000000298023224
gep14,00,2023-09-09,2023-09-24,gcrew,noaa_gefs,14,ShortwaveRadiation_Wm2,15,161
gep14,00,2023-09-09,2023-09-24,gcrew,noaa_gefs,14,WindSpeed_ms_mean,15,5.2646868981549435
gep14,00,2023-09-09,2023-09-25,gcrew,noaa_gefs,14,AirTemp_C_mean,16,22.39338836669924
gep14,00,2023-09-09,2023-09-25,gcrew,noaa_gefs,14,RH_percent_mean,16,80.72414588928223
gep14,00,2023-09-09,2023-09-25,gcrew,noaa_gefs,14,Rain_mm_sum,16,0.700000025331974
gep14,00,2023-09-09,2023-09-25,gcrew,noaa_gefs,14,ShortwaveRadiation_Wm2,16,134.25
gep14,00,2023-09-09,2023-09-25,gcrew,noaa_gefs,14,WindSpeed_ms_mean,16,3.9959241047420417
gep14,00,2023-09-09,2023-09-26,gcrew,noaa_gefs,14,AirTemp_C_mean,17,21.122277832031273
gep14,00,2023-09-09,2023-09-26,gcrew,noaa_gefs,14,RH_percent_mean,17,91.78124618530273
gep14,00,2023-09-09,2023-09-26,gcrew,noaa_gefs,14,Rain_mm_sum,17,17.700000673532486
gep14,00,2023-09-09,2023-09-26,gcrew,noaa_gefs,14,ShortwaveRadiation_Wm2,17,71.75
gep14,00,2023-09-09,2023-09-26,gcrew,noaa_gefs,14,WindSpeed_ms_mean,17,4.524560070543811
gep14,00,2023-09-09,2023-09-27,gcrew,noaa_gefs,14,AirTemp_C_mean,18,21.53302917480471
gep14,00,2023-09-09,2023-09-27,gcrew,noaa_gefs,14,RH_percent_mean,18,94.12124061584473
gep14,00,2023-09-09,2023-09-27,gcrew,noaa_gefs,14,Rain_mm_sum,18,26.30000001192093
gep14,00,2023-09-09,2023-09-27,gcrew,noaa_gefs,14,ShortwaveRadiation_Wm2,18,45
gep14,00,2023-09-09,2023-09-27,gcrew,noaa_gefs,14,WindSpeed_ms_mean,18,3.4376454204120614
gep14,00,2023-09-09,2023-09-28,gcrew,noaa_gefs,14,AirTemp_C_mean,19,21.010675048828148
gep14,00,2023-09-09,2023-09-28,gcrew,noaa_gefs,14,RH_percent_mean,19,92.565582275390625
gep14,00,2023-09-09,2023-09-28,gcrew,noaa_gefs,14,Rain_mm_sum,19,16.90000021457672
gep14,00,2023-09-09,2023-09-28,gcrew,noaa_gefs,14,ShortwaveRadiation_Wm2,19,77
gep14,00,2023-09-09,2023-09-28,gcrew,noaa_gefs,14,WindSpeed_ms_mean,19,4.072877205063392
gep14,00,2023-09-09,2023-09-29,gcrew,noaa_gefs,14,AirTemp_C_mean,20,15.901658630371116
gep14,00,2023-09-09,2023-09-29,gcrew,noaa_gefs,14,RH_percent_mean,20,89.57869911193848
gep14,00,2023-09-09,2023-09-29,gcrew,noaa_gefs,14,Rain_mm_sum,20,13.20000046491623
gep14,00,2023-09-09,2023-09-29,gcrew,noaa_gefs,14,ShortwaveRadiation_Wm2,20,10
gep14,00,2023-09-09,2023-09-29,gcrew,noaa_gefs,14,WindSpeed_ms_mean,20,10.247166260311577
gep14,00,2023-09-09,2023-09-30,gcrew,noaa_gefs,14,AirTemp_C_mean,21,16.05395660400393
gep14,00,2023-09-09,2023-09-30,gcrew,noaa_gefs,14,RH_percent_mean,21,83.6533432006836
gep14,00,2023-09-09,2023-09-30,gcrew,noaa_gefs,14,Rain_mm_sum,21,2.200000062584877
gep14,00,2023-09-09,2023-09-30,gcrew,noaa_gefs,14,ShortwaveRadiation_Wm2,21,40.75
gep14,00,2023-09-09,2023-09-30,gcrew,noaa_gefs,14,WindSpeed_ms_mean,21,6.540632340833415
gep14,00,2023-09-09,2023-10-01,gcrew,noaa_gefs,14,AirTemp_C_mean,22,16.407647705078148
gep14,00,2023-09-09,2023-10-01,gcrew,noaa_gefs,14,RH_percent_mean,22,57.9601993560791
gep14,00,2023-09-09,2023-10-01,gcrew,noaa_gefs,14,Rain_mm_sum,22,0
gep14,00,2023-09-09,2023-10-01,gcrew,noaa_gefs,14,ShortwaveRadiation_Wm2,22,211.75
gep14,00,2023-09-09,2023-10-01,gcrew,noaa_gefs,14,WindSpeed_ms_mean,22,5.751839360697048
gep14,00,2023-09-09,2023-10-02,gcrew,noaa_gefs,14,AirTemp_C_mean,23,14.778672790527366
gep14,00,2023-09-09,2023-10-02,gcrew,noaa_gefs,14,RH_percent_mean,23,52.730899810791016
gep14,00,2023-09-09,2023-10-02,gcrew,noaa_gefs,14,Rain_mm_sum,23,0
gep14,00,2023-09-09,2023-10-02,gcrew,noaa_gefs,14,ShortwaveRadiation_Wm2,23,213
gep14,00,2023-09-09,2023-10-02,gcrew,noaa_gefs,14,WindSpeed_ms_mean,23,2.8789626857426764
gep14,00,2023-09-09,2023-10-03,gcrew,noaa_gefs,14,AirTemp_C_mean,24,19.176812744140648
gep14,00,2023-09-09,2023-10-03,gcrew,noaa_gefs,14,RH_percent_mean,24,79.48908996582031
gep14,00,2023-09-09,2023-10-03,gcrew,noaa_gefs,14,Rain_mm_sum,24,0
gep14,00,2023-09-09,2023-10-03,gcrew,noaa_gefs,14,ShortwaveRadiation_Wm2,24,204.5
gep14,00,2023-09-09,2023-10-03,gcrew,noaa_gefs,14,WindSpeed_ms_mean,24,2.91516139807672
gep14,00,2023-09-09,2023-10-04,gcrew,noaa_gefs,14,AirTemp_C_mean,25,22.34058532714846
gep14,00,2023-09-09,2023-10-04,gcrew,noaa_gefs,14,RH_percent_mean,25,75.36294078826904
gep14,00,2023-09-09,2023-10-04,gcrew,noaa_gefs,14,Rain_mm_sum,25,0
gep14,00,2023-09-09,2023-10-04,gcrew,noaa_gefs,14,ShortwaveRadiation_Wm2,25,210.75
gep14,00,2023-09-09,2023-10-04,gcrew,noaa_gefs,14,WindSpeed_ms_mean,25,2.9960568170531348
gep14,00,2023-09-09,2023-10-05,gcrew,noaa_gefs,14,AirTemp_C_mean,26,21.978173828125023
gep14,00,2023-09-09,2023-10-05,gcrew,noaa_gefs,14,RH_percent_mean,26,62.96555137634277
gep14,00,2023-09-09,2023-10-05,gcrew,noaa_gefs,14,Rain_mm_sum,26,0.30000000447034836
gep14,00,2023-09-09,2023-10-05,gcrew,noaa_gefs,14,ShortwaveRadiation_Wm2,26,181
gep14,00,2023-09-09,2023-10-05,gcrew,noaa_gefs,14,WindSpeed_ms_mean,26,5.094556622266271
gep14,00,2023-09-09,2023-10-06,gcrew,noaa_gefs,14,AirTemp_C_mean,27,17.76600799560549
gep14,00,2023-09-09,2023-10-06,gcrew,noaa_gefs,14,RH_percent_mean,27,66.44743537902832
gep14,00,2023-09-09,2023-10-06,gcrew,noaa_gefs,14,Rain_mm_sum,27,0
gep14,00,2023-09-09,2023-10-06,gcrew,noaa_gefs,14,ShortwaveRadiation_Wm2,27,141
gep14,00,2023-09-09,2023-10-06,gcrew,noaa_gefs,14,WindSpeed_ms_mean,27,4.729005513864134
gep14,00,2023-09-09,2023-10-07,gcrew,noaa_gefs,14,AirTemp_C_mean,28,16.294488525390648
gep14,00,2023-09-09,2023-10-07,gcrew,noaa_gefs,14,RH_percent_mean,28,53.386996269226074
gep14,00,2023-09-09,2023-10-07,gcrew,noaa_gefs,14,Rain_mm_sum,28,0
gep14,00,2023-09-09,2023-10-07,gcrew,noaa_gefs,14,ShortwaveRadiation_Wm2,28,189.75
gep14,00,2023-09-09,2023-10-07,gcrew,noaa_gefs,14,WindSpeed_ms_mean,28,3.770817246533188
gep14,00,2023-09-09,2023-10-08,gcrew,noaa_gefs,14,AirTemp_C_mean,29,16.038568115234398
gep14,00,2023-09-09,2023-10-08,gcrew,noaa_gefs,14,RH_percent_mean,29,62.47337341308594
gep14,00,2023-09-09,2023-10-08,gcrew,noaa_gefs,14,Rain_mm_sum,29,0
gep14,00,2023-09-09,2023-10-08,gcrew,noaa_gefs,14,ShortwaveRadiation_Wm2,29,182
gep14,00,2023-09-09,2023-10-08,gcrew,noaa_gefs,14,WindSpeed_ms_mean,29,4.436974656013027
gep14,00,2023-09-09,2023-10-09,gcrew,noaa_gefs,14,AirTemp_C_mean,30,18.04213104248049
gep14,00,2023-09-09,2023-10-09,gcrew,noaa_gefs,14,RH_percent_mean,30,64.63348579406738
gep14,00,2023-09-09,2023-10-09,gcrew,noaa_gefs,14,Rain_mm_sum,30,0.10000000149011612
gep14,00,2023-09-09,2023-10-09,gcrew,noaa_gefs,14,ShortwaveRadiation_Wm2,30,180.5
gep14,00,2023-09-09,2023-10-09,gcrew,noaa_gefs,14,WindSpeed_ms_mean,30,7.391516267652271
gep14,00,2023-09-09,2023-10-10,gcrew,noaa_gefs,14,AirTemp_C_mean,31,10.97205505371096
gep14,00,2023-09-09,2023-10-10,gcrew,noaa_gefs,14,RH_percent_mean,31,45.596985816955566
gep14,00,2023-09-09,2023-10-10,gcrew,noaa_gefs,14,Rain_mm_sum,31,0
gep14,00,2023-09-09,2023-10-10,gcrew,noaa_gefs,14,ShortwaveRadiation_Wm2,31,209.25
gep14,00,2023-09-09,2023-10-10,gcrew,noaa_gefs,14,WindSpeed_ms_mean,31,4.847591688904462
gep14,00,2023-09-09,2023-10-11,gcrew,noaa_gefs,14,AirTemp_C_mean,32,13.605989074707054
gep14,00,2023-09-09,2023-10-11,gcrew,noaa_gefs,14,RH_percent_mean,32,67.84227752685547
gep14,00,2023-09-09,2023-10-11,gcrew,noaa_gefs,14,Rain_mm_sum,32,0.10000000149011612
gep14,00,2023-09-09,2023-10-11,gcrew,noaa_gefs,14,ShortwaveRadiation_Wm2,32,119
gep14,00,2023-09-09,2023-10-11,gcrew,noaa_gefs,14,WindSpeed_ms_mean,32,4.346613717382562
gep14,00,2023-09-09,2023-10-12,gcrew,noaa_gefs,14,AirTemp_C_mean,33,20.219476318359398
gep14,00,2023-09-09,2023-10-12,gcrew,noaa_gefs,14,RH_percent_mean,33,86.41911506652832
gep14,00,2023-09-09,2023-10-12,gcrew,noaa_gefs,14,Rain_mm_sum,33,0.10000000149011612
gep14,00,2023-09-09,2023-10-12,gcrew,noaa_gefs,14,ShortwaveRadiation_Wm2,33,121
gep14,00,2023-09-09,2023-10-12,gcrew,noaa_gefs,14,WindSpeed_ms_mean,33,6.458461832002699
gep14,00,2023-09-09,2023-10-13,gcrew,noaa_gefs,14,AirTemp_C_mean,34,21.163812255859398
gep14,00,2023-09-09,2023-10-13,gcrew,noaa_gefs,14,RH_percent_mean,34,83.2275333404541
gep14,00,2023-09-09,2023-10-13,gcrew,noaa_gefs,14,Rain_mm_sum,34,26.900000289082527
gep14,00,2023-09-09,2023-10-13,gcrew,noaa_gefs,14,ShortwaveRadiation_Wm2,34,84.75
gep14,00,2023-09-09,2023-10-13,gcrew,noaa_gefs,14,WindSpeed_ms_mean,34,7.309394128531857
gep14,00,2023-09-09,2023-10-14,gcrew,noaa_gefs,14,AirTemp_C_mean,35,17.296502685546898
gep14,00,2023-09-09,2023-10-14,gcrew,noaa_gefs,14,RH_percent_mean,35,54.04242706298828
gep14,00,2023-09-09,2023-10-14,gcrew,noaa_gefs,14,Rain_mm_sum,35,0
gep14,00,2023-09-09,2023-10-14,gcrew,noaa_gefs,14,ShortwaveRadiation_Wm2,35,247
gep14,00,2023-09-09,2023-10-14,gcrew,noaa_gefs,14,WindSpeed_ms_mean,35,7.0066434777233235
gep15,00,2023-09-09,2023-09-09,gcrew,noaa_gefs,15,AirTemp_C_mean,0,24.57565133231029
gep15,00,2023-09-09,2023-09-09,gcrew,noaa_gefs,15,RH_percent_mean,0,81.28700474330357
gep15,00,2023-09-09,2023-09-09,gcrew,noaa_gefs,15,Rain_mm_sum,0,9.989999949932098
gep15,00,2023-09-09,2023-09-09,gcrew,noaa_gefs,15,ShortwaveRadiation_Wm2,0,208.42857142857142
gep15,00,2023-09-09,2023-09-09,gcrew,noaa_gefs,15,WindSpeed_ms_mean,0,2.244640159790602
gep15,00,2023-09-09,2023-09-10,gcrew,noaa_gefs,15,AirTemp_C_mean,1,23.364217376709007
gep15,00,2023-09-09,2023-09-10,gcrew,noaa_gefs,15,RH_percent_mean,1,79.58796691894531
gep15,00,2023-09-09,2023-09-10,gcrew,noaa_gefs,15,Rain_mm_sum,1,2.1700000278651714
gep15,00,2023-09-09,2023-09-10,gcrew,noaa_gefs,15,ShortwaveRadiation_Wm2,1,106
gep15,00,2023-09-09,2023-09-10,gcrew,noaa_gefs,15,WindSpeed_ms_mean,1,2.0001020501904465
gep15,00,2023-09-09,2023-09-11,gcrew,noaa_gefs,15,AirTemp_C_mean,2,23.99094161987307
gep15,00,2023-09-09,2023-09-11,gcrew,noaa_gefs,15,RH_percent_mean,2,76.6868748664856
gep15,00,2023-09-09,2023-09-11,gcrew,noaa_gefs,15,Rain_mm_sum,2,14.520000278949738
gep15,00,2023-09-09,2023-09-11,gcrew,noaa_gefs,15,ShortwaveRadiation_Wm2,2,236.125
gep15,00,2023-09-09,2023-09-11,gcrew,noaa_gefs,15,WindSpeed_ms_mean,2,1.2761169694246208
gep15,00,2023-09-09,2023-09-12,gcrew,noaa_gefs,15,AirTemp_C_mean,3,24.883412933349632
gep15,00,2023-09-09,2023-09-12,gcrew,noaa_gefs,15,RH_percent_mean,3,71.71621131896973
gep15,00,2023-09-09,2023-09-12,gcrew,noaa_gefs,15,Rain_mm_sum,3,5.510000050067902
gep15,00,2023-09-09,2023-09-12,gcrew,noaa_gefs,15,ShortwaveRadiation_Wm2,3,235.5
gep15,00,2023-09-09,2023-09-12,gcrew,noaa_gefs,15,WindSpeed_ms_mean,3,2.631870711383254
gep15,00,2023-09-09,2023-09-13,gcrew,noaa_gefs,15,AirTemp_C_mean,4,22.81793365478518
gep15,00,2023-09-09,2023-09-13,gcrew,noaa_gefs,15,RH_percent_mean,4,73.45065355300903
gep15,00,2023-09-09,2023-09-13,gcrew,noaa_gefs,15,Rain_mm_sum,4,13.47999992966652
gep15,00,2023-09-09,2023-09-13,gcrew,noaa_gefs,15,ShortwaveRadiation_Wm2,4,134.25
gep15,00,2023-09-09,2023-09-13,gcrew,noaa_gefs,15,WindSpeed_ms_mean,4,3.913124752342366
gep15,00,2023-09-09,2023-09-14,gcrew,noaa_gefs,15,AirTemp_C_mean,5,21.205693817138695
gep15,00,2023-09-09,2023-09-14,gcrew,noaa_gefs,15,RH_percent_mean,5,50.70257902145386
gep15,00,2023-09-09,2023-09-14,gcrew,noaa_gefs,15,Rain_mm_sum,5,0.20000000298023224
gep15,00,2023-09-09,2023-09-14,gcrew,noaa_gefs,15,ShortwaveRadiation_Wm2,5,266.875
gep15,00,2023-09-09,2023-09-14,gcrew,noaa_gefs,15,WindSpeed_ms_mean,5,3.7478175500416757
gep15,00,2023-09-09,2023-09-15,gcrew,noaa_gefs,15,AirTemp_C_mean,6,20.683343505859398
gep15,00,2023-09-09,2023-09-15,gcrew,noaa_gefs,15,RH_percent_mean,6,51.90177011489868
gep15,00,2023-09-09,2023-09-15,gcrew,noaa_gefs,15,Rain_mm_sum,6,0
gep15,00,2023-09-09,2023-09-15,gcrew,noaa_gefs,15,ShortwaveRadiation_Wm2,6,267.125
gep15,00,2023-09-09,2023-09-15,gcrew,noaa_gefs,15,WindSpeed_ms_mean,6,4.967512346372693
gep15,00,2023-09-09,2023-09-16,gcrew,noaa_gefs,15,AirTemp_C_mean,7,21.02536544799807
gep15,00,2023-09-09,2023-09-16,gcrew,noaa_gefs,15,RH_percent_mean,7,53.187461853027344
gep15,00,2023-09-09,2023-09-16,gcrew,noaa_gefs,15,Rain_mm_sum,7,0
gep15,00,2023-09-09,2023-09-16,gcrew,noaa_gefs,15,ShortwaveRadiation_Wm2,7,267.25
gep15,00,2023-09-09,2023-09-16,gcrew,noaa_gefs,15,WindSpeed_ms_mean,7,4.777442492071275
gep15,00,2023-09-09,2023-09-17,gcrew,noaa_gefs,15,AirTemp_C_mean,8,21.546594238281273
gep15,00,2023-09-09,2023-09-17,gcrew,noaa_gefs,15,RH_percent_mean,8,53.33281660079956
gep15,00,2023-09-09,2023-09-17,gcrew,noaa_gefs,15,Rain_mm_sum,8,0
gep15,00,2023-09-09,2023-09-17,gcrew,noaa_gefs,15,ShortwaveRadiation_Wm2,8,259.625
gep15,00,2023-09-09,2023-09-17,gcrew,noaa_gefs,15,WindSpeed_ms_mean,8,1.228218844842356
gep15,00,2023-09-09,2023-09-18,gcrew,noaa_gefs,15,AirTemp_C_mean,9,22.745000457763695
gep15,00,2023-09-09,2023-09-18,gcrew,noaa_gefs,15,RH_percent_mean,9,58.80604076385498
gep15,00,2023-09-09,2023-09-18,gcrew,noaa_gefs,15,Rain_mm_sum,9,0.12000000104308128
gep15,00,2023-09-09,2023-09-18,gcrew,noaa_gefs,15,ShortwaveRadiation_Wm2,9,171.375
gep15,00,2023-09-09,2023-09-18,gcrew,noaa_gefs,15,WindSpeed_ms_mean,9,3.6700750408084533
gep15,00,2023-09-09,2023-09-19,gcrew,noaa_gefs,15,AirTemp_C_mean,10,21.85382232666018
gep15,00,2023-09-09,2023-09-19,gcrew,noaa_gefs,15,RH_percent_mean,10,51.910043716430664
gep15,00,2023-09-09,2023-09-19,gcrew,noaa_gefs,15,Rain_mm_sum,10,0
gep15,00,2023-09-09,2023-09-19,gcrew,noaa_gefs,15,ShortwaveRadiation_Wm2,10,222.75
gep15,00,2023-09-09,2023-09-19,gcrew,noaa_gefs,15,WindSpeed_ms_mean,10,4.17428520665981
gep15,00,2023-09-09,2023-09-20,gcrew,noaa_gefs,15,AirTemp_C_mean,11,20.50086364746096
gep15,00,2023-09-09,2023-09-20,gcrew,noaa_gefs,15,RH_percent_mean,11,56.514787673950195
gep15,00,2023-09-09,2023-09-20,gcrew,noaa_gefs,15,Rain_mm_sum,11,0
gep15,00,2023-09-09,2023-09-20,gcrew,noaa_gefs,15,ShortwaveRadiation_Wm2,11,223.75
gep15,00,2023-09-09,2023-09-20,gcrew,noaa_gefs,15,WindSpeed_ms_mean,11,3.8783071905583006
gep15,00,2023-09-09,2023-09-21,gcrew,noaa_gefs,15,AirTemp_C_mean,12,21.212396240234398
gep15,00,2023-09-09,2023-09-21,gcrew,noaa_gefs,15,RH_percent_mean,12,57.83141326904297
gep15,00,2023-09-09,2023-09-21,gcrew,noaa_gefs,15,Rain_mm_sum,12,0
gep15,00,2023-09-09,2023-09-21,gcrew,noaa_gefs,15,ShortwaveRadiation_Wm2,12,217.75
gep15,00,2023-09-09,2023-09-21,gcrew,noaa_gefs,15,WindSpeed_ms_mean,12,3.3514963749039914
gep15,00,2023-09-09,2023-09-22,gcrew,noaa_gefs,15,AirTemp_C_mean,13,23.03926239013674
gep15,00,2023-09-09,2023-09-22,gcrew,noaa_gefs,15,RH_percent_mean,13,61.35855007171631
gep15,00,2023-09-09,2023-09-22,gcrew,noaa_gefs,15,Rain_mm_sum,13,0
gep15,00,2023-09-09,2023-09-22,gcrew,noaa_gefs,15,ShortwaveRadiation_Wm2,13,219.75
gep15,00,2023-09-09,2023-09-22,gcrew,noaa_gefs,15,WindSpeed_ms_mean,13,1.8093905060696394
gep15,00,2023-09-09,2023-09-23,gcrew,noaa_gefs,15,AirTemp_C_mean,14,22.375588989257835
gep15,00,2023-09-09,2023-09-23,gcrew,noaa_gefs,15,RH_percent_mean,14,63.70778179168701
gep15,00,2023-09-09,2023-09-23,gcrew,noaa_gefs,15,Rain_mm_sum,14,0
gep15,00,2023-09-09,2023-09-23,gcrew,noaa_gefs,15,ShortwaveRadiation_Wm2,14,232
gep15,00,2023-09-09,2023-09-23,gcrew,noaa_gefs,15,WindSpeed_ms_mean,14,4.553198777918426
gep15,00,2023-09-09,2023-09-24,gcrew,noaa_gefs,15,AirTemp_C_mean,15,21.508035278320335
gep15,00,2023-09-09,2023-09-24,gcrew,noaa_gefs,15,RH_percent_mean,15,75.4688196182251
gep15,00,2023-09-09,2023-09-24,gcrew,noaa_gefs,15,Rain_mm_sum,15,0.20000000298023224
gep15,00,2023-09-09,2023-09-24,gcrew,noaa_gefs,15,ShortwaveRadiation_Wm2,15,161
gep15,00,2023-09-09,2023-09-24,gcrew,noaa_gefs,15,WindSpeed_ms_mean,15,5.2646868981549435
gep15,00,2023-09-09,2023-09-25,gcrew,noaa_gefs,15,AirTemp_C_mean,16,22.39338836669924
gep15,00,2023-09-09,2023-09-25,gcrew,noaa_gefs,15,RH_percent_mean,16,80.72414588928223
gep15,00,2023-09-09,2023-09-25,gcrew,noaa_gefs,15,Rain_mm_sum,16,0.700000025331974
gep15,00,2023-09-09,2023-09-25,gcrew,noaa_gefs,15,ShortwaveRadiation_Wm2,16,134.25
gep15,00,2023-09-09,2023-09-25,gcrew,noaa_gefs,15,WindSpeed_ms_mean,16,3.9959241047420417
gep15,00,2023-09-09,2023-09-26,gcrew,noaa_gefs,15,AirTemp_C_mean,17,21.122277832031273
gep15,00,2023-09-09,2023-09-26,gcrew,noaa_gefs,15,RH_percent_mean,17,91.78124618530273
gep15,00,2023-09-09,2023-09-26,gcrew,noaa_gefs,15,Rain_mm_sum,17,17.700000673532486
gep15,00,2023-09-09,2023-09-26,gcrew,noaa_gefs,15,ShortwaveRadiation_Wm2,17,71.75
gep15,00,2023-09-09,2023-09-26,gcrew,noaa_gefs,15,WindSpeed_ms_mean,17,4.524560070543811
gep15,00,2023-09-09,2023-09-27,gcrew,noaa_gefs,15,AirTemp_C_mean,18,21.53302917480471
gep15,00,2023-09-09,2023-09-27,gcrew,noaa_gefs,15,RH_percent_mean,18,94.12124061584473
gep15,00,2023-09-09,2023-09-27,gcrew,noaa_gefs,15,Rain_mm_sum,18,26.30000001192093
gep15,00,2023-09-09,2023-09-27,gcrew,noaa_gefs,15,ShortwaveRadiation_Wm2,18,45
gep15,00,2023-09-09,2023-09-27,gcrew,noaa_gefs,15,WindSpeed_ms_mean,18,3.4376454204120614
gep15,00,2023-09-09,2023-09-28,gcrew,noaa_gefs,15,AirTemp_C_mean,19,21.010675048828148
gep15,00,2023-09-09,2023-09-28,gcrew,noaa_gefs,15,RH_percent_mean,19,92.565582275390625
gep15,00,2023-09-09,2023-09-28,gcrew,noaa_gefs,15,Rain_mm_sum,19,16.90000021457672
gep15,00,2023-09-09,2023-09-28,gcrew,noaa_gefs,15,ShortwaveRadiation_Wm2,19,77
gep15,00,2023-09-09,2023-09-28,gcrew,noaa_gefs,15,WindSpeed_ms_mean,19,4.072877205063392
gep15,00,2023-09-09,2023-09-29,gcrew,noaa_gefs,15,AirTemp_C_mean,20,15.901658630371116
gep15,00,2023-09-09,2023-09-29,gcrew,noaa_gefs,15,RH_percent_mean,20,89.57869911193848
gep15,00,2023-09-09,2023-09-29,gcrew,noaa_gefs,15,Rain_mm_sum,20,13.20000046491623
gep15,00,2023-09-09,2023-09-29,gcrew,noaa_gefs,15,ShortwaveRadiation_Wm2,20,10
gep15,00,2023-09-09,2023-09-29,gcrew,noaa_gefs,15,WindSpeed_ms_mean,20,10.247166260311577
gep15,00,2023-09-09,2023-09-30,gcrew,noaa_gefs,15,AirTemp_C_mean,21,16.05395660400393
gep15,00,2023-09-09,2023-09-30,gcrew,noaa_gefs,15,RH_percent_mean,21,83.6533432006836
gep15,00,2023-09-09,2023-09-30,gcrew,noaa_gefs,15,Rain_mm_sum,21,2.200000062584877
gep15,00,2023-09-09,2023-09-30,gcrew,noaa_gefs,15,ShortwaveRadiation_Wm2,21,40.75
gep15,00,2023-09-09,2023-09-30,gcrew,noaa_gefs,15,WindSpeed_ms_mean,21,6.540632340833415
gep15,00,2023-09-09,2023-10-01,gcrew,noaa_gefs,15,AirTemp_C_mean,22,16.407647705078148
gep15,00,2023-09-09,2023-10-01,gcrew,noaa_gefs,15,RH_percent_mean,22,57.9601993560791
gep15,00,2023-09-09,2023-10-01,gcrew,noaa_gefs,15,Rain_mm_sum,22,0
gep15,00,2023-09-09,2023-10-01,gcrew,noaa_gefs,15,ShortwaveRadiation_Wm2,22,211.75
gep15,00,2023-09-09,2023-10-01,gcrew,noaa_gefs,15,WindSpeed_ms_mean,22,5.751839360697048
gep15,00,2023-09-09,2023-10-02,gcrew,noaa_gefs,15,AirTemp_C_mean,23,14.778672790527366
gep15,00,2023-09-09,2023-10-02,gcrew,noaa_gefs,15,RH_percent_mean,23,52.730899810791016
gep15,00,2023-09-09,2023-10-02,gcrew,noaa_gefs,15,Rain_mm_sum,23,0
gep15,00,2023-09-09,2023-10-02,gcrew,noaa_gefs,15,ShortwaveRadiation_Wm2,23,213
gep15,00,2023-09-09,2023-10-02,gcrew,noaa_gefs,15,WindSpeed_ms_mean,23,2.8789626857426764
gep15,00,2023-09-09,2023-10-03,gcrew,noaa_gefs,15,AirTemp_C_mean,24,19.176812744140648
gep15,00,2023-09-09,2023-10-03,gcrew,noaa_gefs,15,RH_percent_mean,24,79.48908996582031
gep15,00,2023-09-09,2023-10-03,gcrew,noaa_gefs,15,Rain_mm_sum,24,0
gep15,00,2023-09-09,2023-10-03,gcrew,noaa_gefs,15,ShortwaveRadiation_Wm2,24,204.5
gep15,00,2023-09-09,2023-10-03,gcrew,noaa_gefs,15,WindSpeed_ms_mean,24,2.91516139807672
gep15,00,2023-09-09,2023-10-04,gcrew,noaa_gefs,15,AirTemp_C_mean,25,22.34058532714846
gep15,00,2023-09-09,2023-10-04,gcrew,noaa_gefs,15,RH_percent_mean,25,75.36294078826904
gep15,00,2023-09-09,2023-10-04,gcrew,noaa_gefs,15,Rain_mm_sum,25,0
gep15,00,2023-09-09,2023-10-04,gcrew,noaa_gefs,15,ShortwaveRadiation_Wm2,25,210.75
gep15,00,2023-09-09,2023-10-04,gcrew,noaa_gefs,15,WindSpeed_ms_mean,25,2.9960568170531348
gep15,00,2023-09-09,2023-10-05,gcrew,noaa_gefs,15,AirTemp_C_mean,26,21.978173828125023
gep15,00,2023-09-09,2023-10-05,gcrew,noaa_gefs,15,RH_percent_mean,26,62.96555137634277
gep15,00,2023-09-09,2023-10-05,gcrew,noaa_gefs,15,Rain_mm_sum,26,0.30000000447034836
gep15,00,2023-09-09,2023-10-05,gcrew,noaa_gefs,15,ShortwaveRadiation_Wm2,26,181
gep15,00,2023-09-09,2023-10-05,gcrew,noaa_gefs,15,WindSpeed_ms_mean,26,5.094556622266271
gep15,00,2023-09-09,2023-10-06,gcrew,noaa_gefs,15,AirTemp_C_mean,27,17.76600799560549
gep15,00,2023-09-09,2023-10-06,gcrew,noaa_gefs,15,RH_percent_mean,27,66.44743537902832
gep15,00,2023-09-09,2023-10-06,gcrew,noaa_gefs,15,Rain_mm_sum,27,0
gep15,00,2023-09-09,2023-10-06,gcrew,noaa_gefs,15,ShortwaveRadiation_Wm2,27,141
gep15,00,2023-09-09,2023-10-06,gcrew,noaa_gefs,15,WindSpeed_ms_mean,27,4.729005513864134
gep15,00,2023-09-09,2023-10-07,gcrew,noaa_gefs,15,AirTemp_C_mean,28,16.294488525390648
gep15,00,2023-09-09,2023-10-07,gcrew,noaa_gefs,15,RH_percent_mean,28,53.386996269226074
gep15,00,2023-09-09,2023-10-07,gcrew,noaa_gefs,15,Rain_mm_sum,28,0
gep15,00,2023-09-09,2023-10-07,gcrew,noaa_gefs,15,ShortwaveRadiation_Wm2,28,189.75
gep15,00,2023-09-09,2023-10-07,gcrew,noaa_gefs,15,WindSpeed_ms_mean,28,3.770817246533188
gep15,00,2023-09-09,2023-10-08,gcrew,noaa_gefs,15,AirTemp_C_mean,29,16.038568115234398
gep15,00,2023-09-09,2023-10-08,gcrew,noaa_gefs,15,RH_percent_mean,29,62.47337341308594
gep15,00,2023-09-09,2023-10-08,gcrew,noaa_gefs,15,Rain_mm_sum,29,0
gep15,00,2023-09-09,2023-10-08,gcrew,noaa_gefs,15,ShortwaveRadiation_Wm2,29,182
gep15,00,2023-09-09,2023-10-08,gcrew,noaa_gefs,15,WindSpeed_ms_mean,29,4.436974656013027
gep15,00,2023-09-09,2023-10-09,gcrew,noaa_gefs,15,AirTemp_C_mean,30,18.04213104248049
gep15,00,2023-09-09,2023-10-09,gcrew,noaa_gefs,15,RH_percent_mean,30,64.63348579406738
gep15,00,2023-09-09,2023-10-09,gcrew,noaa_gefs,15,Rain_mm_sum,30,0.10000000149011612
gep15,00,2023-09-09,2023-10-09,gcrew,noaa_gefs,15,ShortwaveRadiation_Wm2,30,180.5
gep15,00,2023-09-09,2023-10-09,gcrew,noaa_gefs,15,WindSpeed_ms_mean,30,7.391516267652271
gep15,00,2023-09-09,2023-10-10,gcrew,noaa_gefs,15,AirTemp_C_mean,31,10.97205505371096
gep15,00,2023-09-09,2023-10-10,gcrew,noaa_gefs,15,RH_percent_mean,31,45.596985816955566
gep15,00,2023-09-09,2023-10-10,gcrew,noaa_gefs,15,Rain_mm_sum,31,0
gep15,00,2023-09-09,2023-10-10,gcrew,noaa_gefs,15,ShortwaveRadiation_Wm2,31,209.25
gep15,00,2023-09-09,2023-10-10,gcrew,noaa_gefs,15,WindSpeed_ms_mean,31,4.847591688904462
gep15,00,2023-09-09,2023-10-11,gcrew,noaa_gefs,15,AirTemp_C_mean,32,13.605989074707054
gep15,00,2023-09-09,2023-10-11,gcrew,noaa_gefs,15,RH_percent_mean,32,67.84227752685547
gep15,00,2023-09-09,2023-10-11,gcrew,noaa_gefs,15,Rain_mm_sum,32,0.10000000149011612
gep15,00,2023-09-09,2023-10-11,gcrew,noaa_gefs,15,ShortwaveRadiation_Wm2,32,119
gep15,00,2023-09-09,2023-10-11,gcrew,noaa_gefs,15,WindSpeed_ms_mean,32,4.346613717382562
gep15,00,2023-09-09,2023-10-12,gcrew,noaa_gefs,15,AirTemp_C_mean,33,20.219476318359398
gep15,00,2023-09-09,2023-10-12,gcrew,noaa_gefs,15,RH_percent_mean,33,86.41911506652832
gep15,00,2023-09-09,2023-10-12,gcrew,noaa_gefs,15,Rain_mm_sum,33,0.10000000149011612
gep15,00,2023-09-09,2023-10-12,gcrew,noaa_gefs,15,ShortwaveRadiation_Wm2,33,121
gep15,00,2023-09-09,2023-10-12,gcrew,noaa_gefs,15,WindSpeed_ms_mean,33,6.458461832002699
gep15,00,2023-09-09,2023-10-13,gcrew,noaa_gefs,15,AirTemp_C_mean,34,21.163812255859398
gep15,00,2023-09-09,2023-10-13,gcrew,noaa_gefs,15,RH_percent_mean,34,83.2275333404541
gep15,00,2023-09-09,2023-10-13,gcrew,noaa_gefs,15,Rain_mm_sum,34,26.900000289082527
gep15,00,2023-09-09,2023-10-13,gcrew,noaa_gefs,15,ShortwaveRadiation_Wm2,34,84.75
gep15,00,2023-09-09,2023-10-13,gcrew,noaa_gefs,15,WindSpeed_ms_mean,34,7.309394128531857
gep15,00,2023-09-09,2023-10-14,gcrew,noaa_gefs,15,AirTemp_C_mean,35,17.296502685546898
gep15,00,2023-09-09,2023-10-14,gcrew,noaa_gefs,15,RH_percent_mean,35,54.04242706298828
gep15,00,2023-09-09,2023-10-14,gcrew,noaa_gefs,15,Rain_mm_sum,35,0
gep15,00,2023-09-09,2023-10-14,gcrew,noaa_gefs,15,ShortwaveRadiation_Wm2,35,247
gep15,00,2023-09-09,2023-10-14,gcrew,noaa_gefs,15,WindSpeed_ms_mean,35,7.0066434777233235
gep16,00,2023-09-09,2023-09-09,gcrew,noaa_gefs,16,AirTemp_C_mean,0,24.57565133231029
gep16,00,2023-09-09,2023-09-09,gcrew,noaa_gefs,16,RH_percent_mean,0,81.28700474330357
gep16,00,2023-09-09,2023-09-09,gcrew,noaa_gefs,16,Rain_mm_sum,0,9.989999949932098
gep16,00,2023-09-09,2023-09-09,gcrew,noaa_gefs,16,ShortwaveRadiation_Wm2,0,208.42857142857142
gep16,00,2023-09-09,2023-09-09,gcrew,noaa_gefs,16,WindSpeed_ms_mean,0,2.244640159790602
gep16,00,2023-09-09,2023-09-10,gcrew,noaa_gefs,16,AirTemp_C_mean,1,23.364217376709007
gep16,00,2023-09-09,2023-09-10,gcrew,noaa_gefs,16,RH_percent_mean,1,79.58796691894531
gep16,00,2023-09-09,2023-09-10,gcrew,noaa_gefs,16,Rain_mm_sum,1,2.1700000278651714
gep16,00,2023-09-09,2023-09-10,gcrew,noaa_gefs,16,ShortwaveRadiation_Wm2,1,106
gep16,00,2023-09-09,2023-09-10,gcrew,noaa_gefs,16,WindSpeed_ms_mean,1,2.0001020501904465
gep16,00,2023-09-09,2023-09-11,gcrew,noaa_gefs,16,AirTemp_C_mean,2,23.99094161987307
gep16,00,2023-09-09,2023-09-11,gcrew,noaa_gefs,16,RH_percent_mean,2,76.6868748664856
gep16,00,2023-09-09,2023-09-11,gcrew,noaa_gefs,16,Rain_mm_sum,2,14.520000278949738
gep16,00,2023-09-09,2023-09-11,gcrew,noaa_gefs,16,ShortwaveRadiation_Wm2,2,236.125
gep16,00,2023-09-09,2023-09-11,gcrew,noaa_gefs,16,WindSpeed_ms_mean,2,1.2761169694246208
gep16,00,2023-09-09,2023-09-12,gcrew,noaa_gefs,16,AirTemp_C_mean,3,24.883412933349632
gep16,00,2023-09-09,2023-09-12,gcrew,noaa_gefs,16,RH_percent_mean,3,71.71621131896973
gep16,00,2023-09-09,2023-09-12,gcrew,noaa_gefs,16,Rain_mm_sum,3,5.510000050067902
gep16,00,2023-09-09,2023-09-12,gcrew,noaa_gefs,16,ShortwaveRadiation_Wm2,3,235.5
gep16,00,2023-09-09,2023-09-12,gcrew,noaa_gefs,16,WindSpeed_ms_mean,3,2.631870711383254
gep16,00,2023-09-09,2023-09-13,gcrew,noaa_gefs,16,AirTemp_C_mean,4,22.81793365478518
gep16,00,2023-09-09,2023-09-13,gcrew,noaa_gefs,16,RH_percent_mean,4,73.45065355300903
gep16,00,2023-09-09,2023-09-13,gcrew,noaa_gefs,16,Rain_mm_sum,4,13.47999992966652
gep16,00,2023-09-09,2023-09-13,gcrew,noaa_gefs,16,ShortwaveRadiation_Wm2,4,134.25
gep16,00,2023-09-09,2023-09-13,gcrew,noaa_gefs,16,WindSpeed_ms_mean,4,3.913124752342366
gep16,00,2023-09-09,2023-09-14,gcrew,noaa_gefs,16,AirTemp_C_mean,5,21.205693817138695
gep16,00,2023-09-09,2023-09-14,gcrew,noaa_gefs,16,RH_percent_mean,5,50.70257902145386
gep16,00,2023-09-09,2023-09-14,gcrew,noaa_gefs,16,Rain_mm_sum,5,0.20000000298023224
gep16,00,2023-09-09,2023-09-14,gcrew,noaa_gefs,16,ShortwaveRadiation_Wm2,5,266.875
gep16,00,2023-09-09,2023-09-14,gcrew,noaa_gefs,16,WindSpeed_ms_mean,5,3.7478175500416757
gep16,00,2023-09-09,2023-09-15,gcrew,noaa_gefs,16,AirTemp_C_mean,6,20.683343505859398
gep16,00,2023-09-09,2023-09-15,gcrew,noaa_gefs,16,RH_percent_mean,6,51.90177011489868
gep16,00,2023-09-09,2023-09-15,gcrew,noaa_gefs,16,Rain_mm_sum,6,0
gep16,00,2023-09-09,2023-09-15,gcrew,noaa_gefs,16,ShortwaveRadiation_Wm2,6,267.125
gep16,00,2023-09-09,2023-09-15,gcrew,noaa_gefs,16,WindSpeed_ms_mean,6,4.967512346372693
gep16,00,2023-09-09,2023-09-16,gcrew,noaa_gefs,16,AirTemp_C_mean,7,21.02536544799807
gep16,00,2023-09-09,2023-09-16,gcrew,noaa_gefs,16,RH_percent_mean,7,53.187461853027344
gep16,00,2023-09-09,2023-09-16,gcrew,noaa_gefs,16,Rain_mm_sum,7,0
gep16,00,2023-09-09,2023-09-16,gcrew,noaa_gefs,16,ShortwaveRadiation_Wm2,7,267.25
gep16,00,2023-09-09,2023-09-16,gcrew,noaa_gefs,16,WindSpeed_ms_mean,7,4.777442492071275
gep16,00,2023-09-09,2023-09-17,gcrew,noaa_gefs,16,AirTemp_C_mean,8,21.546594238281273
gep16,00,2023-09-09,2023-09-17,gcrew,noaa_gefs,16,RH_percent_mean,8,53.33281660079956
gep16,00,2023-09-09,2023-09-17,gcrew,noaa_gefs,16,Rain_mm_sum,8,0
gep16,00,2023-09-09,2023-09-17,gcrew,noaa_gefs,16,ShortwaveRadiation_Wm2,8,259.625
gep16,00,2023-09-09,2023-09-17,gcrew,noaa_gefs,16,WindSpeed_ms_mean,8,1.228218844842356
gep16,00,2023-09-09,2023-09-18,gcrew,noaa_gefs,16,AirTemp_C_mean,9,22.745000457763695
gep16,00,2023-09-09,2023-09-18,gcrew,noaa_gefs,16,RH_percent_mean,9,58.80604076385498
gep16,00,2023-09-09,2023-09-18,gcrew,noaa_gefs,16,Rain_mm_sum,9,0.12000000104308128
gep16,00,2023-09-09,2023-09-18,gcrew,noaa_gefs,16,ShortwaveRadiation_Wm2,9,171.375
gep16,00,2023-09-09,2023-09-18,gcrew,noaa_gefs,16,WindSpeed_ms_mean,9,3.6700750408084533
gep16,00,2023-09-09,2023-09-19,gcrew,noaa_gefs,16,AirTemp_C_mean,10,21.85382232666018
gep16,00,2023-09-09,2023-09-19,gcrew,noaa_gefs,16,RH_percent_mean,10,51.910043716430664
gep16,00,2023-09-09,2023-09-19,gcrew,noaa_gefs,16,Rain_mm_sum,10,0
gep16,00,2023-09-09,2023-09-19,gcrew,noaa_gefs,16,ShortwaveRadiation_Wm2,10,222.75
gep16,00,2023-09-09,2023-09-19,gcrew,noaa_gefs,16,WindSpeed_ms_mean,10,4.17428520665981
gep16,00,2023-09-09,2023-09-20,gcrew,noaa_gefs,16,AirTemp_C_mean,11,20.50086364746096
gep16,00,2023-09-09,2023-09-20,gcrew,noaa_gefs,16,RH_percent_mean,11,56.514787673950195
gep16,00,2023-09-09,2023-09-20,gcrew,noaa_gefs,16,Rain_mm_sum,11,0
gep16,00,2023-09-09,2023-09-20,gcrew,noaa_gefs,16,ShortwaveRadiation_Wm2,11,223.75
gep16,00,2023-09-09,2023-09-20,gcrew,noaa_gefs,16,WindSpeed_ms_mean,11,3.8783071905583006
gep16,00,2023-09-09,2023-09-21,gcrew,noaa_gefs,16,AirTemp_C_mean,12,21.212396240234398
gep16,00,2023-09-09,2023-09-21,gcrew,noaa_gefs,16,RH_percent_mean,12,57.83141326904297
gep16,00,2023-09-09,2023-09-21,gcrew,noaa_gefs,16,Rain_mm_sum,12,0
gep16,00,2023-09-09,2023-09-21,gcrew,noaa_gefs,16,ShortwaveRadiation_Wm2,12,217.75
gep16,00,2023-09-09,2023-09-21,gcrew,noaa_gefs,16,WindSpeed_ms_mean,12,3.3514963749039914
gep16,00,2023-09-09,2023-09-22,gcrew,noaa_gefs,16,AirTemp_C_mean,13,23.03926239013674
gep16,00,2023-09-09,2023-09-22,gcrew,noaa_gefs,16,RH_percent_mean,13,61.35855007171631
gep16,00,2023-09-09,2023-09-22,gcrew,noaa_gefs,16,Rain_mm_sum,13,0
gep16,00,2023-09-09,2023-09-22,gcrew,noaa_gefs,16,ShortwaveRadiation_Wm2,13,219.75
gep16,00,2023-09-09,2023-09-22,gcrew,noaa_gefs,16,WindSpeed_ms_mean,13,1.8093905060696394
gep16,00,2023-09-09,2023-09-23,gcrew,noaa_gefs,16,AirTemp_C_mean,14,22.375588989257835
gep16,00,2023-09-09,2023-09-23,gcrew,noaa_gefs,16,RH_percent_mean,14,63.70778179168701
gep16,00,2023-09-09,2023-09-23,gcrew,noaa_gefs,16,Rain_mm_sum,14,0
gep16,00,2023-09-09,2023-09-23,gcrew,noaa_gefs,16,ShortwaveRadiation_Wm2,14,232
gep16,00,2023-09-09,2023-09-23,gcrew,noaa_gefs,16,WindSpeed_ms_mean,14,4.553198777918426
gep16,00,2023-09-09,2023-09-24,gcrew,noaa_gefs,16,AirTemp_C_mean,15,21.508035278320335
gep16,00,2023-09-09,2023-09-24,gcrew,noaa_gefs,16,RH_percent_mean,15,75.4688196182251
gep16,00,2023-09-09,2023-09-24,gcrew,noaa_gefs,16,Rain_mm_sum,15,0.20000000298023224
gep16,00,2023-09-09,2023-09-24,gcrew,noaa_gefs,16,ShortwaveRadiation_Wm2,15,161
gep16,00,2023-09-09,2023-09-24,gcrew,noaa_gefs,16,WindSpeed_ms_mean,15,5.2646868981549435
gep16,00,2023-09-09,2023-09-25,gcrew,noaa_gefs,16,AirTemp_C_mean,16,22.39338836669924
gep16,00,2023-09-09,2023-09-25,gcrew,noaa_gefs,16,RH_percent_mean,16,80.72414588928223
gep16,00,2023-09-09,2023-09-25,gcrew,noaa_gefs,16,Rain_mm_sum,16,0.700000025331974
gep16,00,2023-09-09,2023-09-25,gcrew,noaa_gefs,16,ShortwaveRadiation_Wm2,16,134.25
gep16,00,2023-09-09,2023-09-25,gcrew,noaa_gefs,16,WindSpeed_ms_mean,16,3.9959241047420417
gep16,00,2023-09-09,2023-09-26,gcrew,noaa_gefs,16,AirTemp_C_mean,17,21.122277832031273
gep16,00,2023-09-09,2023-09-26,gcrew,noaa_gefs,16,RH_percent_mean,17,91.78124618530273
gep16,00,2023-09-09,2023-09-26,gcrew,noaa_gefs,16,Rain_mm_sum,17,17.700000673532486
gep16,00,2023-09-09,2023-09-26,gcrew,noaa_gefs,16,ShortwaveRadiation_Wm2,17,71.75
gep16,00,2023-09-09,2023-09-26,gcrew,noaa_gefs,16,WindSpeed_ms_mean,17,4.524560070543811
gep16,00,2023-09-09,2023-09-27,gcrew,noaa_gefs,16,AirTemp_C_mean,18,21.53302917480471
gep16,00,2023-09-09,2023-09-27,gcrew,noaa_gefs,16,RH_percent_mean,18,94.12124061584473
gep16,00,2023-09-09,2023-09-27,gcrew,noaa_gefs,16,Rain_mm_sum,18,26.30000001192093
gep16,00,2023-09-09,2023-09-27,gcrew,noaa_gefs,16,ShortwaveRadiation_Wm2,18,45
gep16,00,2023-09-09,2023-09-27,gcrew,noaa_gefs,16,WindSpeed_ms_mean,18,3.4376454204120614
gep16,00,2023-09-09,2023-09-28,gcrew,noaa_gefs,16,AirTemp_C_mean,19,21.010675048828148
gep16,00,2023-09-09,2023-09-28,gcrew,noaa_gefs,16,RH_percent_mean,19,92.565582275390625
gep16,00,2023-09-09,2023-09-28,gcrew,noaa_gefs,16,Rain_mm_sum,19,16.90000021457672
gep16,00,2023-09-09,2023-09-28,gcrew,noaa_gefs,16,ShortwaveRadiation_Wm2,19,77
gep16,00,2023-09-09,2023-09-28,gcrew,noaa_gefs,16,WindSpeed_ms_mean,19,4.072877205063392
gep16,00,2023-09-09,2023-09-29,gcrew,noaa_gefs,16,AirTemp_C_mean,20,15.901658630371116
gep16,00,2023-09-09,2023-09-29,gcrew,noaa_gefs,16,RH_percent_mean,20,89.57869911193848
gep16,00,2023-09-09,2023-09-29,gcrew,noaa_gefs,16,Rain_mm_sum,20,13.20000046491623
gep16,00,2023-09-09,2023-09-29,gcrew,noaa_gefs,16,ShortwaveRadiation_Wm2,20,10
gep16,00,2023-09-09,2023-09-29,gcrew,noaa_gefs,16,WindSpeed_ms_mean,20,10.247166260311577
gep16,00,2023-09-09,2023-09-30,gcrew,noaa_gefs,16,AirTemp_C_mean,21,16.05395660400393
gep16,00,2023-09-09,2023-09-30,gcrew,noaa_gefs,16,RH_percent_mean,21,83.6533432006836
gep16,00,2023-09-09,2023-09-30,gcrew,noaa_gefs,16,Rain_mm_sum,21,2.200000062584877
gep16,00,2023-09-09,2023-09-30,gcrew,noaa_gefs,16,ShortwaveRadiation_Wm2,21,40.75
gep16,00,2023-09-09,2023-09-30,gcrew,noaa_gefs,16,WindSpeed_ms_mean,21,6.540632340833415
gep16,00,2023-09-09,2023-10-01,gcrew,noaa_gefs,16,AirTemp_C_mean,22,16.407647705078148
gep16,00,2023-09-09,2023-10-01,gcrew,noaa_gefs,16,RH_percent_mean,22,57.9601993560791
gep16,00,2023-09-09,2023-10-01,gcrew,noaa_gefs,16,Rain_mm_sum,22,0
gep16,00,2023-09-09,2023-10-01,gcrew,noaa_gefs,16,ShortwaveRadiation_Wm2,22,211.75
gep16,00,2023-09-09,2023-10-01,gcrew,noaa_gefs,16,WindSpeed_ms_mean,22,5.751839360697048
gep16,00,2023-09-09,2023-10-02,gcrew,noaa_gefs,16,AirTemp_C_mean,23,14.778672790527366
gep16,00,2023-09-09,2023-10-02,gcrew,noaa_gefs,16,RH_percent_mean,23,52.730899810791016
gep16,00,2023-09-09,2023-10-02,gcrew,noaa_gefs,16,Rain_mm_sum,23,0
gep16,00,2023-09-09,2023-10-02,gcrew,noaa_gefs,16,ShortwaveRadiation_Wm2,23,213
gep16,00,2023-09-09,2023-10-02,gcrew,noaa_gefs,16,WindSpeed_ms_mean,23,2.8789626857426764
gep16,00,2023-09-09,2023-10-03,gcrew,noaa_gefs,16,AirTemp_C_mean,24,19.176812744140648
gep16,00,2023-09-09,2023-10-03,gcrew,noaa_gefs,16,RH_percent_mean,24,79.48908996582031
gep16,00,2023-09-09,2023-10-03,gcrew,noaa_gefs,16,Rain_mm_sum,24,0
gep16,00,2023-09-09,2023-10-03,gcrew,noaa_gefs,16,ShortwaveRadiation_Wm2,24,204.5
gep16,00,2023-09-09,2023-10-03,gcrew,noaa_gefs,16,WindSpeed_ms_mean,24,2.91516139807672
gep16,00,2023-09-09,2023-10-04,gcrew,noaa_gefs,16,AirTemp_C_mean,25,22.34058532714846
gep16,00,2023-09-09,2023-10-04,gcrew,noaa_gefs,16,RH_percent_mean,25,75.36294078826904
gep16,00,2023-09-09,2023-10-04,gcrew,noaa_gefs,16,Rain_mm_sum,25,0
gep16,00,2023-09-09,2023-10-04,gcrew,noaa_gefs,16,ShortwaveRadiation_Wm2,25,210.75
gep16,00,2023-09-09,2023-10-04,gcrew,noaa_gefs,16,WindSpeed_ms_mean,25,2.9960568170531348
gep16,00,2023-09-09,2023-10-05,gcrew,noaa_gefs,16,AirTemp_C_mean,26,21.978173828125023
gep16,00,2023-09-09,2023-10-05,gcrew,noaa_gefs,16,RH_percent_mean,26,62.96555137634277
gep16,00,2023-09-09,2023-10-05,gcrew,noaa_gefs,16,Rain_mm_sum,26,0.30000000447034836
gep16,00,2023-09-09,2023-10-05,gcrew,noaa_gefs,16,ShortwaveRadiation_Wm2,26,181
gep16,00,2023-09-09,2023-10-05,gcrew,noaa_gefs,16,WindSpeed_ms_mean,26,5.094556622266271
gep16,00,2023-09-09,2023-10-06,gcrew,noaa_gefs,16,AirTemp_C_mean,27,17.76600799560549
gep16,00,2023-09-09,2023-10-06,gcrew,noaa_gefs,16,RH_percent_mean,27,66.44743537902832
gep16,00,2023-09-09,2023-10-06,gcrew,noaa_gefs,16,Rain_mm_sum,27,0
gep16,00,2023-09-09,2023-10-06,gcrew,noaa_gefs,16,ShortwaveRadiation_Wm2,27,141
gep16,00,2023-09-09,2023-10-06,gcrew,noaa_gefs,16,WindSpeed_ms_mean,27,4.729005513864134
gep16,00,2023-09-09,2023-10-07,gcrew,noaa_gefs,16,AirTemp_C_mean,28,16.294488525390648
gep16,00,2023-09-09,2023-10-07,gcrew,noaa_gefs,16,RH_percent_mean,28,53.386996269226074
gep16,00,2023-09-09,2023-10-07,gcrew,noaa_gefs,16,Rain_mm_sum,28,0
gep16,00,2023-09-09,2023-10-07,gcrew,noaa_gefs,16,ShortwaveRadiation_Wm2,28,189.75
gep16,00,2023-09-09,2023-10-07,gcrew,noaa_gefs,16,WindSpeed_ms_mean,28,3.770817246533188
gep16,00,2023-09-09,2023-10-08,gcrew,noaa_gefs,16,AirTemp_C_mean,29,16.038568115234398
gep16,00,2023-09-09,2023-10-08,gcrew,noaa_gefs,16,RH_percent_mean,29,62.47337341308594
gep16,00,2023-09-09,2023-10-08,gcrew,noaa_gefs,16,Rain_mm_sum,29,0
gep16,00,2023-09-09,2023-10-08,gcrew,noaa_gefs,16,ShortwaveRadiation_Wm2,29,182
gep16,00,2023-09-09,2023-10-08,gcrew,noaa_gefs,16,WindSpeed_ms_mean,29,4.436974656013027
gep16,00,2023-09-09,2023-10-09,gcrew,noaa_gefs,16,AirTemp_C_mean,30,18.04213104248049
gep16,00,2023-09-09,2023-10-09,gcrew,noaa_gefs,16,RH_percent_mean,30,64.63348579406738
gep16,00,2023-09-09,2023-10-09,gcrew,noaa_gefs,16,Rain_mm_sum,30,0.10000000149011612
gep16,00,2023-09-09,2023-10-09,gcrew,noaa_gefs,16,ShortwaveRadiation_Wm2,30,180.5
gep16,00,2023-09-09,2023-10-09,gcrew,noaa_gefs,16,WindSpeed_ms_mean,30,7.391516267652271
gep16,00,2023-09-09,2023-10-10,gcrew,noaa_gefs,16,AirTemp_C_mean,31,10.97205505371096
gep16,00,2023-09-09,2023-10-10,gcrew,noaa_gefs,16,RH_percent_mean,31,45.596985816955566
gep16,00,2023-09-09,2023-10-10,gcrew,noaa_gefs,16,Rain_mm_sum,31,0
gep16,00,2023-09-09,2023-10-10,gcrew,noaa_gefs,16,ShortwaveRadiation_Wm2,31,209.25
gep16,00,2023-09-09,2023-10-10,gcrew,noaa_gefs,16,WindSpeed_ms_mean,31,4.847591688904462
gep16,00,2023-09-09,2023-10-11,gcrew,noaa_gefs,16,AirTemp_C_mean,32,13.605989074707054
gep16,00,2023-09-09,2023-10-11,gcrew,noaa_gefs,16,RH_percent_mean,32,67.84227752685547
gep16,00,2023-09-09,2023-10-11,gcrew,noaa_gefs,16,Rain_mm_sum,32,0.10000000149011612
gep16,00,2023-09-09,2023-10-11,gcrew,noaa_gefs,16,ShortwaveRadiation_Wm2,32,119
gep16,00,2023-09-09,2023-10-11,gcrew,noaa_gefs,16,WindSpeed_ms_mean,32,4.346613717382562
gep16,00,2023-09-09,2023-10-12,gcrew,noaa_gefs,16,AirTemp_C_mean,33,20.219476318359398
gep16,00,2023-09-09,2023-10-12,gcrew,noaa_gefs,16,RH_percent_mean,33,86.41911506652832
gep16,00,2023-09-09,2023-10-12,gcrew,noaa_gefs,16,Rain_mm_sum,33,0.10000000149011612
gep16,00,2023-09-09,2023-10-12,gcrew,noaa_gefs,16,ShortwaveRadiation_Wm2,33,121
gep16,00,2023-09-09,2023-10-12,gcrew,noaa_gefs,16,WindSpeed_ms_mean,33,6.458461832002699
gep16,00,2023-09-09,2023-10-13,gcrew,noaa_gefs,16,AirTemp_C_mean,34,21.163812255859398
gep16,00,2023-09-09,2023-10-13,gcrew,noaa_gefs,16,RH_percent_mean,34,83.2275333404541
gep16,00,2023-09-09,2023-10-13,gcrew,noaa_gefs,16,Rain_mm_sum,34,26.900000289082527
gep16,00,2023-09-09,2023-10-13,gcrew,noaa_gefs,16,ShortwaveRadiation_Wm2,34,84.75
gep16,00,2023-09-09,2023-10-13,gcrew,noaa_gefs,16,WindSpeed_ms_mean,34,7.309394128531857
gep16,00,2023-09-09,2023-10-14,gcrew,noaa_gefs,16,AirTemp_C_mean,35,17.296502685546898
gep16,00,2023-09-09,2023-10-14,gcrew,noaa_gefs,16,RH_percent_mean,35,54.04242706298828
gep16,00,2023-09-09,2023-10-14,gcrew,noaa_gefs,16,Rain_mm_sum,35,0
gep16,00,2023-09-09,2023-10-14,gcrew,noaa_gefs,16,ShortwaveRadiation_Wm2,35,247
gep16,00,2023-09-09,2023-10-14,gcrew,noaa_gefs,16,WindSpeed_ms_mean,35,7.0066434777233235
gep17,00,2023-09-09,2023-09-09,gcrew,noaa_gefs,17,AirTemp_C_mean,0,24.57565133231029
gep17,00,2023-09-09,2023-09-09,gcrew,noaa_gefs,17,RH_percent_mean,0,81.28700474330357
gep17,00,2023-09-09,2023-09-09,gcrew,noaa_gefs,17,Rain_mm_sum,0,9.989999949932098
gep17,00,2023-09-09,2023-09-09,gcrew,noaa_gefs,17,ShortwaveRadiation_Wm2,0,208.42857142857142
gep17,00,2023-09-09,2023-09-09,gcrew,noaa_gefs,17,WindSpeed_ms_mean,0,2.244640159790602
gep17,00,2023-09-09,2023-09-10,gcrew,noaa_gefs,17,AirTemp_C_mean,1,23.364217376709007
gep17,00,2023-09-09,2023-09-10,gcrew,noaa_gefs,17,RH_percent_mean,1,79.58796691894531
gep17,00,2023-09-09,2023-09-10,gcrew,noaa_gefs,17,Rain_mm_sum,1,2.1700000278651714
gep17,00,2023-09-09,2023-09-10,gcrew,noaa_gefs,17,ShortwaveRadiation_Wm2,1,106
gep17,00,2023-09-09,2023-09-10,gcrew,noaa_gefs,17,WindSpeed_ms_mean,1,2.0001020501904465
gep17,00,2023-09-09,2023-09-11,gcrew,noaa_gefs,17,AirTemp_C_mean,2,23.99094161987307
gep17,00,2023-09-09,2023-09-11,gcrew,noaa_gefs,17,RH_percent_mean,2,76.6868748664856
gep17,00,2023-09-09,2023-09-11,gcrew,noaa_gefs,17,Rain_mm_sum,2,14.520000278949738
gep17,00,2023-09-09,2023-09-11,gcrew,noaa_gefs,17,ShortwaveRadiation_Wm2,2,236.125
gep17,00,2023-09-09,2023-09-11,gcrew,noaa_gefs,17,WindSpeed_ms_mean,2,1.2761169694246208
gep17,00,2023-09-09,2023-09-12,gcrew,noaa_gefs,17,AirTemp_C_mean,3,24.883412933349632
gep17,00,2023-09-09,2023-09-12,gcrew,noaa_gefs,17,RH_percent_mean,3,71.71621131896973
gep17,00,2023-09-09,2023-09-12,gcrew,noaa_gefs,17,Rain_mm_sum,3,5.510000050067902
gep17,00,2023-09-09,2023-09-12,gcrew,noaa_gefs,17,ShortwaveRadiation_Wm2,3,235.5
gep17,00,2023-09-09,2023-09-12,gcrew,noaa_gefs,17,WindSpeed_ms_mean,3,2.631870711383254
gep17,00,2023-09-09,2023-09-13,gcrew,noaa_gefs,17,AirTemp_C_mean,4,22.81793365478518
gep17,00,2023-09-09,2023-09-13,gcrew,noaa_gefs,17,RH_percent_mean,4,73.45065355300903
gep17,00,2023-09-09,2023-09-13,gcrew,noaa_gefs,17,Rain_mm_sum,4,13.47999992966652
gep17,00,2023-09-09,2023-09-13,gcrew,noaa_gefs,17,ShortwaveRadiation_Wm2,4,134.25
gep17,00,2023-09-09,2023-09-13,gcrew,noaa_gefs,17,WindSpeed_ms_mean,4,3.913124752342366
gep17,00,2023-09-09,2023-09-14,gcrew,noaa_gefs,17,AirTemp_C_mean,5,21.205693817138695
gep17,00,2023-09-09,2023-09-14,gcrew,noaa_gefs,17,RH_percent_mean,5,50.70257902145386
gep17,00,2023-09-09,2023-09-14,gcrew,noaa_gefs,17,Rain_mm_sum,5,0.20000000298023224
gep17,00,2023-09-09,2023-09-14,gcrew,noaa_gefs,17,ShortwaveRadiation_Wm2,5,266.875
gep17,00,2023-09-09,2023-09-14,gcrew,noaa_gefs,17,WindSpeed_ms_mean,5,3.7478175500416757
gep17,00,2023-09-09,2023-09-15,gcrew,noaa_gefs,17,AirTemp_C_mean,6,20.683343505859398
gep17,00,2023-09-09,2023-09-15,gcrew,noaa_gefs,17,RH_percent_mean,6,51.90177011489868
gep17,00,2023-09-09,2023-09-15,gcrew,noaa_gefs,17,Rain_mm_sum,6,0
gep17,00,2023-09-09,2023-09-15,gcrew,noaa_gefs,17,ShortwaveRadiation_Wm2,6,267.125
gep17,00,2023-09-09,2023-09-15,gcrew,noaa_gefs,17,WindSpeed_ms_mean,6,4.967512346372693
gep17,00,2023-09-09,2023-09-16,gcrew,noaa_gefs,17,AirTemp_C_mean,7,21.02536544799807
gep17,00,2023-09-09,2023-09-16,gcrew,noaa_gefs,17,RH_percent_mean,7,53.187461853027344
gep17,00,2023-09-09,2023-09-16,gcrew,noaa_gefs,17,Rain_mm_sum,7,0
gep17,00,2023-09-09,2023-09-16,gcrew,noaa_gefs,17,ShortwaveRadiation_Wm2,7,267.25
gep17,00,2023-09-09,2023-09-16,gcrew,noaa_gefs,17,WindSpeed_ms_mean,7,4.777442492071275
gep17,00,2023-09-09,2023-09-17,gcrew,noaa_gefs,17,AirTemp_C_mean,8,21.546594238281273
gep17,00,2023-09-09,2023-09-17,gcrew,noaa_gefs,17,RH_percent_mean,8,53.33281660079956
gep17,00,2023-09-09,2023-09-17,gcrew,noaa_gefs,17,Rain_mm_sum,8,0
gep17,00,2023-09-09,2023-09-17,gcrew,noaa_gefs,17,ShortwaveRadiation_Wm2,8,259.625
gep17,00,2023-09-09,2023-09-17,gcrew,noaa_gefs,17,WindSpeed_ms_mean,8,1.228218844842356
gep17,00,2023-09-09,2023-09-18,gcrew,noaa_gefs,17,AirTemp_C_mean,9,22.745000457763695
gep17,00,2023-09-09,2023-09-18,gcrew,noaa_gefs,17,RH_percent_mean,9,58.80604076385498
gep17,00,2023-09-09,2023-09-18,gcrew,noaa_gefs,17,Rain_mm_sum,9,0.12000000104308128
gep17,00,2023-09-09,2023-09-18,gcrew,noaa_gefs,17,ShortwaveRadiation_Wm2,9,171.375
gep17,00,2023-09-09,2023-09-18,gcrew,noaa_gefs,17,WindSpeed_ms_mean,9,3.6700750408084533
gep17,00,2023-09-09,2023-09-19,gcrew,noaa_gefs,17,AirTemp_C_mean,10,21.85382232666018
gep17,00,2023-09-09,2023-09-19,gcrew,noaa_gefs,17,RH_percent_mean,10,51.910043716430664
gep17,00,2023-09-09,2023-09-19,gcrew,noaa_gefs,17,Rain_mm_sum,10,0
gep17,00,2023-09-09,2023-09-19,gcrew,noaa_gefs,17,ShortwaveRadiation_Wm2,10,222.75
gep17,00,2023-09-09,2023-09-19,gcrew,noaa_gefs,17,WindSpeed_ms_mean,10,4.17428520665981
gep17,00,2023-09-09,2023-09-20,gcrew,noaa_gefs,17,AirTemp_C_mean,11,20.50086364746096
gep17,00,2023-09-09,2023-09-20,gcrew,noaa_gefs,17,RH_percent_mean,11,56.514787673950195
gep17,00,2023-09-09,2023-09-20,gcrew,noaa_gefs,17,Rain_mm_sum,11,0
gep17,00,2023-09-09,2023-09-20,gcrew,noaa_gefs,17,ShortwaveRadiation_Wm2,11,223.75
gep17,00,2023-09-09,2023-09-20,gcrew,noaa_gefs,17,WindSpeed_ms_mean,11,3.8783071905583006
gep17,00,2023-09-09,2023-09-21,gcrew,noaa_gefs,17,AirTemp_C_mean,12,21.212396240234398
gep17,00,2023-09-09,2023-09-21,gcrew,noaa_gefs,17,RH_percent_mean,12,57.83141326904297
gep17,00,2023-09-09,2023-09-21,gcrew,noaa_gefs,17,Rain_mm_sum,12,0
gep17,00,2023-09-09,2023-09-21,gcrew,noaa_gefs,17,ShortwaveRadiation_Wm2,12,217.75
gep17,00,2023-09-09,2023-09-21,gcrew,noaa_gefs,17,WindSpeed_ms_mean,12,3.3514963749039914
gep17,00,2023-09-09,2023-09-22,gcrew,noaa_gefs,17,AirTemp_C_mean,13,23.03926239013674
gep17,00,2023-09-09,2023-09-22,gcrew,noaa_gefs,17,RH_percent_mean,13,61.35855007171631
gep17,00,2023-09-09,2023-09-22,gcrew,noaa_gefs,17,Rain_mm_sum,13,0
gep17,00,2023-09-09,2023-09-22,gcrew,noaa_gefs,17,ShortwaveRadiation_Wm2,13,219.75
gep17,00,2023-09-09,2023-09-22,gcrew,noaa_gefs,17,WindSpeed_ms_mean,13,1.8093905060696394
gep17,00,2023-09-09,2023-09-23,gcrew,noaa_gefs,17,AirTemp_C_mean,14,22.375588989257835
gep17,00,2023-09-09,2023-09-23,gcrew,noaa_gefs,17,RH_percent_mean,14,63.70778179168701
gep17,00,2023-09-09,2023-09-23,gcrew,noaa_gefs,17,Rain_mm_sum,14,0
gep17,00,2023-09-09,2023-09-23,gcrew,noaa_gefs,17,ShortwaveRadiation_Wm2,14,232
gep17,00,2023-09-09,2023-09-23,gcrew,noaa_gefs,17,WindSpeed_ms_mean,14,4.553198777918426
gep17,00,2023-09-09,2023-09-24,gcrew,noaa_gefs,17,AirTemp_C_mean,15,21.508035278320335
gep17,00,2023-09-09,2023-09-24,gcrew,noaa_gefs,17,RH_percent_mean,15,75.4688196182251
gep17,00,2023-09-09,2023-09-24,gcrew,noaa_gefs,17,Rain_mm_sum,15,0.20000000298023224
gep17,00,2023-09-09,2023-09-24,gcrew,noaa_gefs,17,ShortwaveRadiation_Wm2,15,161
gep17,00,2023-09-09,2023-09-24,gcrew,noaa_gefs,17,WindSpeed_ms_mean,15,5.2646868981549435
gep17,00,2023-09-09,2023-09-25,gcrew,noaa_gefs,17,AirTemp_C_mean,16,22.39338836669924
gep17,00,2023-09-09,2023-09-25,gcrew,noaa_gefs,17,RH_percent_mean,16,80.72414588928223
gep17,00,2023-09-09,2023-09-25,gcrew,noaa_gefs,17,Rain_mm_sum,16,0.700000025331974
gep17,00,2023-09-09,2023-09-25,gcrew,noaa_gefs,17,ShortwaveRadiation_Wm2,16,134.25
gep17,00,2023-09-09,2023-09-25,gcrew,noaa_gefs,17,WindSpeed_ms_mean,16,3.9959241047420417
gep17,00,2023-09-09,2023-09-26,gcrew,noaa_gefs,17,AirTemp_C_mean,17,21.122277832031273
gep17,00,2023-09-09,2023-09-26,gcrew,noaa_gefs,17,RH_percent_mean,17,91.78124618530273
gep17,00,2023-09-09,2023-09-26,gcrew,noaa_gefs,17,Rain_mm_sum,17,17.700000673532486
gep17,00,2023-09-09,2023-09-26,gcrew,noaa_gefs,17,ShortwaveRadiation_Wm2,17,71.75
gep17,00,2023-09-09,2023-09-26,gcrew,noaa_gefs,17,WindSpeed_ms_mean,17,4.524560070543811
gep17,00,2023-09-09,2023-09-27,gcrew,noaa_gefs,17,AirTemp_C_mean,18,21.53302917480471
gep17,00,2023-09-09,2023-09-27,gcrew,noaa_gefs,17,RH_percent_mean,18,94.12124061584473
gep17,00,2023-09-09,2023-09-27,gcrew,noaa_gefs,17,Rain_mm_sum,18,26.30000001192093
gep17,00,2023-09-09,2023-09-27,gcrew,noaa_gefs,17,ShortwaveRadiation_Wm2,18,45
gep17,00,2023-09-09,2023-09-27,gcrew,noaa_gefs,17,WindSpeed_ms_mean,18,3.4376454204120614
gep17,00,2023-09-09,2023-09-28,gcrew,noaa_gefs,17,AirTemp_C_mean,19,21.010675048828148
gep17,00,2023-09-09,2023-09-28,gcrew,noaa_gefs,17,RH_percent_mean,19,92.565582275390625
gep17,00,2023-09-09,2023-09-28,gcrew,noaa_gefs,17,Rain_mm_sum,19,16.90000021457672
gep17,00,2023-09-09,2023-09-28,gcrew,noaa_gefs,17,ShortwaveRadiation_Wm2,19,77
gep17,00,2023-09-09,2023-09-28,gcrew,noaa_gefs,17,WindSpeed_ms_mean,19,4.072877205063392
gep17,00,2023-09-09,2023-09-29,gcrew,noaa_gefs,17,AirTemp_C_mean,20,15.901658630371116
gep17,00,2023-09-09,2023-09-29,gcrew,noaa_gefs,17,RH_percent_mean,20,89.57869911193848
gep17,00,2023-09-09,2023-09-29,gcrew,noaa_gefs,17,Rain_mm_sum,20,13.20000046491623
gep17,00,2023-09-09,2023-09-29,gcrew,noaa_gefs,17,ShortwaveRadiation_Wm2,20,10
gep17,00,2023-09-09,2023-09-29,gcrew,noaa_gefs,17,WindSpeed_ms_mean,20,10.247166260311577
gep17,00,2023-09-09,2023-09-30,gcrew,noaa_gefs,17,AirTemp_C_mean,21,16.05395660400393
gep17,00,2023-09-09,2023-09-30,gcrew,noaa_gefs,17,RH_percent_mean,21,83.6533432006836
gep17,00,2023-09-09,2023-09-30,gcrew,noaa_gefs,17,Rain_mm_sum,21,2.200000062584877
gep17,00,2023-09-09,2023-09-30,gcrew,noaa_gefs,17,ShortwaveRadiation_Wm2,21,40.75
gep17,00,2023-09-09,2023-09-30,gcrew,noaa_gefs,17,WindSpeed_ms_mean,21,6.540632340833415
gep17,00,2023-09-09,2023-10-01,gcrew,noaa_gefs,17,AirTemp_C_mean,22,16.407647705078148
gep17,00,2023-09-09,2023-10-01,gcrew,noaa_gefs,17,RH_percent_mean,22,57.9601993560791
gep17,00,2023-09-09,2023-10-01,gcrew,noaa_gefs,17,Rain_mm_sum,22,0
gep17,00,2023-09-09,2023-10-01,gcrew,noaa_gefs,17,ShortwaveRadiation_Wm2,22,211.75
gep17,00,2023-09-09,2023-10-01,gcrew,noaa_gefs,17,WindSpeed_ms_mean,22,5.751839360697048
gep17,00,2023-09-09,2023-10-02,gcrew,noaa_gefs,17,AirTemp_C_mean,23,14.778672790527366
gep17,00,2023-09-09,2023-10-02,gcrew,noaa_gefs,17,RH_percent_mean,23,52.730899810791016
gep17,00,2023-09-09,2023-10-02,gcrew,noaa_gefs,17,Rain_mm_sum,23,0
gep17,00,2023-09-09,2023-10-02,gcrew,noaa_gefs,17,ShortwaveRadiation_Wm2,23,213
gep17,00,2023-09-09,2023-10-02,gcrew,noaa_gefs,17,WindSpeed_ms_mean,23,2.8789626857426764
gep17,00,2023-09-09,2023-10-03,gcrew,noaa_gefs,17,AirTemp_C_mean,24,19.176812744140648
gep17,00,2023-09-09,2023-10-03,gcrew,noaa_gefs,17,RH_percent_mean,24,79.48908996582031
gep17,00,2023-09-09,2023-10-03,gcrew,noaa_gefs,17,Rain_mm_sum,24,0
gep17,00,2023-09-09,2023-10-03,gcrew,noaa_gefs,17,ShortwaveRadiation_Wm2,24,204.5
gep17,00,2023-09-09,2023-10-03,gcrew,noaa_gefs,17,WindSpeed_ms_mean,24,2.91516139807672
gep17,00,2023-09-09,2023-10-04,gcrew,noaa_gefs,17,AirTemp_C_mean,25,22.34058532714846
gep17,00,2023-09-09,2023-10-04,gcrew,noaa_gefs,17,RH_percent_mean,25,75.36294078826904
gep17,00,2023-09-09,2023-10-04,gcrew,noaa_gefs,17,Rain_mm_sum,25,0
gep17,00,2023-09-09,2023-10-04,gcrew,noaa_gefs,17,ShortwaveRadiation_Wm2,25,210.75
gep17,00,2023-09-09,2023-10-04,gcrew,noaa_gefs,17,WindSpeed_ms_mean,25,2.9960568170531348
gep17,00,2023-09-09,2023-10-05,gcrew,noaa_gefs,17,AirTemp_C_mean,26,21.978173828125023
gep17,00,2023-09-09,2023-10-05,gcrew,noaa_gefs,17,RH_percent_mean,26,62.96555137634277
gep17,00,2023-09-09,2023-10-05,gcrew,noaa_gefs,17,Rain_mm_sum,26,0.30000000447034836
gep17,00,2023-09-09,2023-10-05,gcrew,noaa_gefs,17,ShortwaveRadiation_Wm2,26,181
gep17,00,2023-09-09,2023-10-05,gcrew,noaa_gefs,17,WindSpeed_ms_mean,26,5.094556622266271
gep17,00,2023-09-09,2023-10-06,gcrew,noaa_gefs,17,AirTemp_C_mean,27,17.76600799560549
gep17,00,2023-09-09,2023-10-06,gcrew,noaa_gefs,17,RH_percent_mean,27,66.44743537902832
gep17,00,2023-09-09,2023-10-06,gcrew,noaa_gefs,17,Rain_mm_sum,27,0
gep17,00,2023-09-09,2023-10-06,gcrew,noaa_gefs,17,ShortwaveRadiation_Wm2,27,141
gep17,00,2023-09-09,2023-10-06,gcrew,noaa_gefs,17,WindSpeed_ms_mean,27,4.729005513864134
gep17,00,2023-09-09,2023-10-07,gcrew,noaa_gefs,17,AirTemp_C_mean,28,16.294488525390648
gep17,00,2023-09-09,2023-10-07,gcrew,noaa_gefs,17,RH_percent_mean,28,53.386996269226074
gep17,00,2023-09-09,2023-10-07,gcrew,noaa_gefs,17,Rain_mm_sum,28,0
gep17,00,2023-09-09,2023-10-07,gcrew,noaa_gefs,17,ShortwaveRadiation_Wm2,28,189.75
gep17,00,2023-09-09,2023-10-07,gcrew,noaa_gefs,17,WindSpeed_ms_mean,28,3.770817246533188
gep17,00,2023-09-09,2023-10-08,gcrew,noaa_gefs,17,AirTemp_C_mean,29,16.038568115234398
gep17,00,2023-09-09,2023-10-08,gcrew,noaa_gefs,17,RH_percent_mean,29,62.47337341308594
gep17,00,2023-09-09,2023-10-08,gcrew,noaa_gefs,17,Rain_mm_sum,29,0
gep17,00,2023-09-09,2023-10-08,gcrew,noaa_gefs,17,ShortwaveRadiation_Wm2,29,182
gep17,00,2023-09-09,2023-10-08,gcrew,noaa_gefs,17,WindSpeed_ms_mean,29,4.436974656013027
gep17,00,2023-09-09,2023-10-09,gcrew,noaa_gefs,17,AirTemp_C_mean,30,18.04213104248049
gep17,00,2023-09-09,2023-10-09,gcrew,noaa_gefs,17,RH_percent_mean,30,64.63348579406738
gep17,00,2023-09-09,2023-10-09,gcrew,noaa_gefs,17,Rain_mm_sum,30,0.10000000149011612
gep17,00,2023-09-09,2023-10-09,gcrew,noaa_gefs,17,ShortwaveRadiation_Wm2,30,180.5
gep17,00,2023-09-09,2023-10-09,gcrew,noaa_gefs,17,WindSpeed_ms_mean,30,7.391516267652271
gep17,00,2023-09-09,2023-10-10,gcrew,noaa_gefs,17,AirTemp_C_mean,31,10.97205505371096
gep17,00,2023-09-09,2023-10-10,gcrew,noaa_gefs,17,RH_percent_mean,31,45.596985816955566
gep17,00,2023-09-09,2023-10-10,gcrew,noaa_gefs,17,Rain_mm_sum,31,0
gep17,00,2023-09-09,2023-10-10,gcrew,noaa_gefs,17,ShortwaveRadiation_Wm2,31,209.25
gep17,00,2023-09-09,2023-10-10,gcrew,noaa_gefs,17,WindSpeed_ms_mean,31,4.847591688904462
gep17,00,2023-09-09,2023-10-11,gcrew,noaa_gefs,17,AirTemp_C_mean,32,13.605989074707054
gep17,00,2023-09-09,2023-10-11,gcrew,noaa_gefs,17,RH_percent_mean,32,67.84227752685547
gep17,00,2023-09-09,2023-10-11,gcrew,noaa_gefs,17,Rain_mm_sum,32,0.10000000149011612
gep17,00,2023-09-09,2023-10-11,gcrew,noaa_gefs,17,ShortwaveRadiation_Wm2,32,119
gep17,00,2023-09-09,2023-10-11,gcrew,noaa_gefs,17,WindSpeed_ms_mean,32,4.346613717382562
gep17,00,2023-09-09,2023-10-12,gcrew,noaa_gefs,17,AirTemp_C_mean,33,20.219476318359398
gep17,00,2023-09-09,2023-10-12,gcrew,noaa_gefs,17,RH_percent_mean,33,86.41911506652832
gep17,00,2023-09-09,2023-10-12,gcrew,noaa_gefs,17,Rain_mm_sum,33,0.10000000149011612
gep17,00,2023-09-09,2023-10-12,gcrew,noaa_gefs,17,ShortwaveRadiation_Wm2,33,121
gep17,00,2023-09-09,2023-10-12,gcrew,noaa_gefs,17,WindSpeed_ms_mean,33,6.458461832002699
gep17,00,2023-09-09,2023-10-13,gcrew,noaa_gefs,17,AirTemp_C_mean,34,21.163812255859398
gep17,00,2023-09-09,2023-10-13,gcrew,noaa_gefs,17,RH_percent_mean,34,83.2275333404541
gep17,00,2023-09-09,2023-10-13,gcrew,noaa_gefs,17,Rain_mm_sum,34,26.900000289082527
gep17,00,2023-09-09,2023-10-13,gcrew,noaa_gefs,17,ShortwaveRadiation_Wm2,34,84.75
gep17,00,2023-09-09,2023-10-13,gcrew,noaa_gefs,17,WindSpeed_ms_mean,34,7.309394128531857
gep17,00,2023-09-09,2023-10-14,gcrew,noaa_gefs,17,AirTemp_C_mean,35,17.296502685546898
gep17,00,2023-09-09,2023-10-14,gcrew,noaa_gefs,17,RH_percent_mean,35,54.04242706298828
gep17,00,2023-09-09,2023-10-14,gcrew,noaa_gefs,17,Rain_mm_sum,35,0
gep17,00,2023-09-09,2023-10-14,gcrew,noaa_gefs,17,ShortwaveRadiation_Wm2,35,247
gep17,00,2023-09-09,2023-10-14,gcrew,noaa_gefs,17,WindSpeed_ms_mean,35,7.0066434777233235
gep18,00,2023-09-09,2023-09-09,gcrew,noaa_gefs,18,AirTemp_C_mean,0,24.57565133231029
gep18,00,2023-09-09,2023-09-09,gcrew,noaa_gefs,18,RH_percent_mean,0,81.28700474330357
gep18,00,2023-09-09,2023-09-09,gcrew,noaa_gefs,18,Rain_mm_sum,0,9.989999949932098
gep18,00,2023-09-09,2023-09-09,gcrew,noaa_gefs,18,ShortwaveRadiation_Wm2,0,208.42857142857142
gep18,00,2023-09-09,2023-09-09,gcrew,noaa_gefs,18,WindSpeed_ms_mean,0,2.244640159790602
gep18,00,2023-09-09,2023-09-10,gcrew,noaa_gefs,18,AirTemp_C_mean,1,23.364217376709007
gep18,00,2023-09-09,2023-09-10,gcrew,noaa_gefs,18,RH_percent_mean,1,79.58796691894531
gep18,00,2023-09-09,2023-09-10,gcrew,noaa_gefs,18,Rain_mm_sum,1,2.1700000278651714
gep18,00,2023-09-09,2023-09-10,gcrew,noaa_gefs,18,ShortwaveRadiation_Wm2,1,106
gep18,00,2023-09-09,2023-09-10,gcrew,noaa_gefs,18,WindSpeed_ms_mean,1,2.0001020501904465
gep18,00,2023-09-09,2023-09-11,gcrew,noaa_gefs,18,AirTemp_C_mean,2,23.99094161987307
gep18,00,2023-09-09,2023-09-11,gcrew,noaa_gefs,18,RH_percent_mean,2,76.6868748664856
gep18,00,2023-09-09,2023-09-11,gcrew,noaa_gefs,18,Rain_mm_sum,2,14.520000278949738
gep18,00,2023-09-09,2023-09-11,gcrew,noaa_gefs,18,ShortwaveRadiation_Wm2,2,236.125
gep18,00,2023-09-09,2023-09-11,gcrew,noaa_gefs,18,WindSpeed_ms_mean,2,1.2761169694246208
gep18,00,2023-09-09,2023-09-12,gcrew,noaa_gefs,18,AirTemp_C_mean,3,24.883412933349632
gep18,00,2023-09-09,2023-09-12,gcrew,noaa_gefs,18,RH_percent_mean,3,71.71621131896973
gep18,00,2023-09-09,2023-09-12,gcrew,noaa_gefs,18,Rain_mm_sum,3,5.510000050067902
gep18,00,2023-09-09,2023-09-12,gcrew,noaa_gefs,18,ShortwaveRadiation_Wm2,3,235.5
gep18,00,2023-09-09,2023-09-12,gcrew,noaa_gefs,18,WindSpeed_ms_mean,3,2.631870711383254
gep18,00,2023-09-09,2023-09-13,gcrew,noaa_gefs,18,AirTemp_C_mean,4,22.81793365478518
gep18,00,2023-09-09,2023-09-13,gcrew,noaa_gefs,18,RH_percent_mean,4,73.45065355300903
gep18,00,2023-09-09,2023-09-13,gcrew,noaa_gefs,18,Rain_mm_sum,4,13.47999992966652
gep18,00,2023-09-09,2023-09-13,gcrew,noaa_gefs,18,ShortwaveRadiation_Wm2,4,134.25
gep18,00,2023-09-09,2023-09-13,gcrew,noaa_gefs,18,WindSpeed_ms_mean,4,3.913124752342366
gep18,00,2023-09-09,2023-09-14,gcrew,noaa_gefs,18,AirTemp_C_mean,5,21.205693817138695
gep18,00,2023-09-09,2023-09-14,gcrew,noaa_gefs,18,RH_percent_mean,5,50.70257902145386
gep18,00,2023-09-09,2023-09-14,gcrew,noaa_gefs,18,Rain_mm_sum,5,0.20000000298023224
gep18,00,2023-09-09,2023-09-14,gcrew,noaa_gefs,18,ShortwaveRadiation_Wm2,5,266.875
gep18,00,2023-09-09,2023-09-14,gcrew,noaa_gefs,18,WindSpeed_ms_mean,5,3.7478175500416757
gep18,00,2023-09-09,2023-09-15,gcrew,noaa_gefs,18,AirTemp_C_mean,6,20.683343505859398
gep18,00,2023-09-09,2023-09-15,gcrew,noaa_gefs,18,RH_percent_mean,6,51.90177011489868
gep18,00,2023-09-09,2023-09-15,gcrew,noaa_gefs,18,Rain_mm_sum,6,0
gep18,00,2023-09-09,2023-09-15,gcrew,noaa_gefs,18,ShortwaveRadiation_Wm2,6,267.125
gep18,00,2023-09-09,2023-09-15,gcrew,noaa_gefs,18,WindSpeed_ms_mean,6,4.967512346372693
gep18,00,2023-09-09,2023-09-16,gcrew,noaa_gefs,18,AirTemp_C_mean,7,21.02536544799807
gep18,00,2023-09-09,2023-09-16,gcrew,noaa_gefs,18,RH_percent_mean,7,53.187461853027344
gep18,00,2023-09-09,2023-09-16,gcrew,noaa_gefs,18,Rain_mm_sum,7,0
gep18,00,2023-09-09,2023-09-16,gcrew,noaa_gefs,18,ShortwaveRadiation_Wm2,7,267.25
gep18,00,2023-09-09,2023-09-16,gcrew,noaa_gefs,18,WindSpeed_ms_mean,7,4.777442492071275
gep18,00,2023-09-09,2023-09-17,gcrew,noaa_gefs,18,AirTemp_C_mean,8,21.546594238281273
gep18,00,2023-09-09,2023-09-17,gcrew,noaa_gefs,18,RH_percent_mean,8,53.33281660079956
gep18,00,2023-09-09,2023-09-17,gcrew,noaa_gefs,18,Rain_mm_sum,8,0
gep18,00,2023-09-09,2023-09-17,gcrew,noaa_gefs,18,ShortwaveRadiation_Wm2,8,259.625
gep18,00,2023-09-09,2023-09-17,gcrew,noaa_gefs,18,WindSpeed_ms_mean,8,1.228218844842356
gep18,00,2023-09-09,2023-09-18,gcrew,noaa_gefs,18,AirTemp_C_mean,9,22.745000457763695
gep18,00,2023-09-09,2023-09-18,gcrew,noaa_gefs,18,RH_percent_mean,9,58.80604076385498
gep18,00,2023-09-09,2023-09-18,gcrew,noaa_gefs,18,Rain_mm_sum,9,0.12000000104308128
gep18,00,2023-09-09,2023-09-18,gcrew,noaa_gefs,18,ShortwaveRadiation_Wm2,9,171.375
gep18,00,2023-09-09,2023-09-18,gcrew,noaa_gefs,18,WindSpeed_ms_mean,9,3.6700750408084533
gep18,00,2023-09-09,2023-09-19,gcrew,noaa_gefs,18,AirTemp_C_mean,10,21.85382232666018
gep18,00,2023-09-09,2023-09-19,gcrew,noaa_gefs,18,RH_percent_mean,10,51.910043716430664
gep18,00,2023-09-09,2023-09-19,gcrew,noaa_gefs,18,Rain_mm_sum,10,0
gep18,00,2023-09-09,2023-09-19,gcrew,noaa_gefs,18,ShortwaveRadiation_Wm2,10,222.75
gep18,00,2023-09-09,2023-09-19,gcrew,noaa_gefs,18,WindSpeed_ms_mean,10,4.17428520665981
gep18,00,2023-09-09,2023-09-20,gcrew,noaa_gefs,18,AirTemp_C_mean,11,20.50086364746096
gep18,00,2023-09-09,2023-09-20,gcrew,noaa_gefs,18,RH_percent_mean,11,56.514787673950195
gep18,00,2023-09-09,2023-09-20,gcrew,noaa_gefs,18,Rain_mm_sum,11,0
gep18,00,2023-09-09,2023-09-20,gcrew,noaa_gefs,18,ShortwaveRadiation_Wm2,11,223.75
gep18,00,2023-09-09,2023-09-20,gcrew,noaa_gefs,18,WindSpeed_ms_mean,11,3.8783071905583006
gep18,00,2023-09-09,2023-09-21,gcrew,noaa_gefs,18,AirTemp_C_mean,12,21.212396240234398
gep18,00,2023-09-09,2023-09-21,gcrew,noaa_gefs,18,RH_percent_mean,12,57.83141326904297
gep18,00,2023-09-09,2023-09-21,gcrew,noaa_gefs,18,Rain_mm_sum,12,0
gep18,00,2023-09-09,2023-09-21,gcrew,noaa_gefs,18,ShortwaveRadiation_Wm2,12,217.75
gep18,00,2023-09-09,2023-09-21,gcrew,noaa_gefs,18,WindSpeed_ms_mean,12,3.3514963749039914
gep18,00,2023-09-09,2023-09-22,gcrew,noaa_gefs,18,AirTemp_C_mean,13,23.03926239013674
gep18,00,2023-09-09,2023-09-22,gcrew,noaa_gefs,18,RH_percent_mean,13,61.35855007171631
gep18,00,2023-09-09,2023-09-22,gcrew,noaa_gefs,18,Rain_mm_sum,13,0
gep18,00,2023-09-09,2023-09-22,gcrew,noaa_gefs,18,ShortwaveRadiation_Wm2,13,219.75
gep18,00,2023-09-09,2023-09-22,gcrew,noaa_gefs,18,WindSpeed_ms_mean,13,1.8093905060696394
gep18,00,2023-09-09,2023-09-23,gcrew,noaa_gefs,18,AirTemp_C_mean,14,22.375588989257835
gep18,00,2023-09-09,2023-09-23,gcrew,noaa_gefs,18,RH_percent_mean,14,63.70778179168701
gep18,00,2023-09-09,2023-09-23,gcrew,noaa_gefs,18,Rain_mm_sum,14,0
gep18,00,2023-09-09,2023-09-23,gcrew,noaa_gefs,18,ShortwaveRadiation_Wm2,14,232
gep18,00,2023-09-09,2023-09-23,gcrew,noaa_gefs,18,WindSpeed_ms_mean,14,4.553198777918426
gep18,00,2023-09-09,2023-09-24,gcrew,noaa_gefs,18,AirTemp_C_mean,15,21.508035278320335
gep18,00,2023-09-09,2023-09-24,gcrew,noaa_gefs,18,RH_percent_mean,15,75.4688196182251
gep18,00,2023-09-09,2023-09-24,gcrew,noaa_gefs,18,Rain_mm_sum,15,0.20000000298023224
gep18,00,2023-09-09,2023-09-24,gcrew,noaa_gefs,18,ShortwaveRadiation_Wm2,15,161
gep18,00,2023-09-09,2023-09-24,gcrew,noaa_gefs,18,WindSpeed_ms_mean,15,5.2646868981549435
gep18,00,2023-09-09,2023-09-25,gcrew,noaa_gefs,18,AirTemp_C_mean,16,22.39338836669924
gep18,00,2023-09-09,2023-09-25,gcrew,noaa_gefs,18,RH_percent_mean,16,80.72414588928223
gep18,00,2023-09-09,2023-09-25,gcrew,noaa_gefs,18,Rain_mm_sum,16,0.700000025331974
gep18,00,2023-09-09,2023-09-25,gcrew,noaa_gefs,18,ShortwaveRadiation_Wm2,16,134.25
gep18,00,2023-09-09,2023-09-25,gcrew,noaa_gefs,18,WindSpeed_ms_mean,16,3.9959241047420417
gep18,00,2023-09-09,2023-09-26,gcrew,noaa_gefs,18,AirTemp_C_mean,17,21.122277832031273
gep18,00,2023-09-09,2023-09-26,gcrew,noaa_gefs,18,RH_percent_mean,17,91.78124618530273
gep18,00,2023-09-09,2023-09-26,gcrew,noaa_gefs,18,Rain_mm_sum,17,17.700000673532486
gep18,00,2023-09-09,2023-09-26,gcrew,noaa_gefs,18,ShortwaveRadiation_Wm2,17,71.75
gep18,00,2023-09-09,2023-09-26,gcrew,noaa_gefs,18,WindSpeed_ms_mean,17,4.524560070543811
gep18,00,2023-09-09,2023-09-27,gcrew,noaa_gefs,18,AirTemp_C_mean,18,21.53302917480471
gep18,00,2023-09-09,2023-09-27,gcrew,noaa_gefs,18,RH_percent_mean,18,94.12124061584473
gep18,00,2023-09-09,2023-09-27,gcrew,noaa_gefs,18,Rain_mm_sum,18,26.30000001192093
gep18,00,2023-09-09,2023-09-27,gcrew,noaa_gefs,18,ShortwaveRadiation_Wm2,18,45
gep18,00,2023-09-09,2023-09-27,gcrew,noaa_gefs,18,WindSpeed_ms_mean,18,3.4376454204120614
gep18,00,2023-09-09,2023-09-28,gcrew,noaa_gefs,18,AirTemp_C_mean,19,21.010675048828148
gep18,00,2023-09-09,2023-09-28,gcrew,noaa_gefs,18,RH_percent_mean,19,92.565582275390625
gep18,00,2023-09-09,2023-09-28,gcrew,noaa_gefs,18,Rain_mm_sum,19,16.90000021457672
gep18,00,2023-09-09,2023-09-28,gcrew,noaa_gefs,18,ShortwaveRadiation_Wm2,19,77
gep18,00,2023-09-09,2023-09-28,gcrew,noaa_gefs,18,WindSpeed_ms_mean,19,4.072877205063392
gep18,00,2023-09-09,2023-09-29,gcrew,noaa_gefs,18,AirTemp_C_mean,20,15.901658630371116
gep18,00,2023-09-09,2023-09-29,gcrew,noaa_gefs,18,RH_percent_mean,20,89.57869911193848
gep18,00,2023-09-09,2023-09-29,gcrew,noaa_gefs,18,Rain_mm_sum,20,13.20000046491623
gep18,00,2023-09-09,2023-09-29,gcrew,noaa_gefs,18,ShortwaveRadiation_Wm2,20,10
gep18,00,2023-09-09,2023-09-29,gcrew,noaa_gefs,18,WindSpeed_ms_mean,20,10.247166260311577
gep18,00,2023-09-09,2023-09-30,gcrew,noaa_gefs,18,AirTemp_C_mean,21,16.05395660400393
gep18,00,2023-09-09,2023-09-30,gcrew,noaa_gefs,18,RH_percent_mean,21,83.6533432006836
gep18,00,2023-09-09,2023-09-30,gcrew,noaa_gefs,18,Rain_mm_sum,21,2.200000062584877
gep18,00,2023-09-09,2023-09-30,gcrew,noaa_gefs,18,ShortwaveRadiation_Wm2,21,40.75
gep18,00,2023-09-09,2023-09-30,gcrew,noaa_gefs,18,WindSpeed_ms_mean,21,6.540632340833415
gep18,00,2023-09-09,2023-10-01,gcrew,noaa_gefs,18,AirTemp_C_mean,22,16.407647705078148
gep18,00,2023-09-09,2023-10-01,gcrew,noaa_gefs,18,RH_percent_mean,22,57.9601993560791
gep18,00,2023-09-09,2023-10-01,gcrew,noaa_gefs,18,Rain_mm_sum,22,0
gep18,00,2023-09-09,2023-10-01,gcrew,noaa_gefs,18,ShortwaveRadiation_Wm2,22,211.75
gep18,00,2023-09-09,2023-10-01,gcrew,noaa_gefs,18,WindSpeed_ms_mean,22,5.751839360697048
gep18,00,2023-09-09,2023-10-02,gcrew,noaa_gefs,18,AirTemp_C_mean,23,14.778672790527366
gep18,00,2023-09-09,2023-10-02,gcrew,noaa_gefs,18,RH_percent_mean,23,52.730899810791016
gep18,00,2023-09-09,2023-10-02,gcrew,noaa_gefs,18,Rain_mm_sum,23,0
gep18,00,2023-09-09,2023-10-02,gcrew,noaa_gefs,18,ShortwaveRadiation_Wm2,23,213
gep18,00,2023-09-09,2023-10-02,gcrew,noaa_gefs,18,WindSpeed_ms_mean,23,2.8789626857426764
gep18,00,2023-09-09,2023-10-03,gcrew,noaa_gefs,18,AirTemp_C_mean,24,19.176812744140648
gep18,00,2023-09-09,2023-10-03,gcrew,noaa_gefs,18,RH_percent_mean,24,79.48908996582031
gep18,00,2023-09-09,2023-10-03,gcrew,noaa_gefs,18,Rain_mm_sum,24,0
gep18,00,2023-09-09,2023-10-03,gcrew,noaa_gefs,18,ShortwaveRadiation_Wm2,24,204.5
gep18,00,2023-09-09,2023-10-03,gcrew,noaa_gefs,18,WindSpeed_ms_mean,24,2.91516139807672
gep18,00,2023-09-09,2023-10-04,gcrew,noaa_gefs,18,AirTemp_C_mean,25,22.34058532714846
gep18,00,2023-09-09,2023-10-04,gcrew,noaa_gefs,18,RH_percent_mean,25,75.36294078826904
gep18,00,2023-09-09,2023-10-04,gcrew,noaa_gefs,18,Rain_mm_sum,25,0
gep18,00,2023-09-09,2023-10-04,gcrew,noaa_gefs,18,ShortwaveRadiation_Wm2,25,210.75
gep18,00,2023-09-09,2023-10-04,gcrew,noaa_gefs,18,WindSpeed_ms_mean,25,2.9960568170531348
gep18,00,2023-09-09,2023-10-05,gcrew,noaa_gefs,18,AirTemp_C_mean,26,21.978173828125023
gep18,00,2023-09-09,2023-10-05,gcrew,noaa_gefs,18,RH_percent_mean,26,62.96555137634277
gep18,00,2023-09-09,2023-10-05,gcrew,noaa_gefs,18,Rain_mm_sum,26,0.30000000447034836
gep18,00,2023-09-09,2023-10-05,gcrew,noaa_gefs,18,ShortwaveRadiation_Wm2,26,181
gep18,00,2023-09-09,2023-10-05,gcrew,noaa_gefs,18,WindSpeed_ms_mean,26,5.094556622266271
gep18,00,2023-09-09,2023-10-06,gcrew,noaa_gefs,18,AirTemp_C_mean,27,17.76600799560549
gep18,00,2023-09-09,2023-10-06,gcrew,noaa_gefs,18,RH_percent_mean,27,66.44743537902832
gep18,00,2023-09-09,2023-10-06,gcrew,noaa_gefs,18,Rain_mm_sum,27,0
gep18,00,2023-09-09,2023-10-06,gcrew,noaa_gefs,18,ShortwaveRadiation_Wm2,27,141
gep18,00,2023-09-09,2023-10-06,gcrew,noaa_gefs,18,WindSpeed_ms_mean,27,4.729005513864134
gep18,00,2023-09-09,2023-10-07,gcrew,noaa_gefs,18,AirTemp_C_mean,28,16.294488525390648
gep18,00,2023-09-09,2023-10-07,gcrew,noaa_gefs,18,RH_percent_mean,28,53.386996269226074
gep18,00,2023-09-09,2023-10-07,gcrew,noaa_gefs,18,Rain_mm_sum,28,0
gep18,00,2023-09-09,2023-10-07,gcrew,noaa_gefs,18,ShortwaveRadiation_Wm2,28,189.75
gep18,00,2023-09-09,2023-10-07,gcrew,noaa_gefs,18,WindSpeed_ms_mean,28,3.770817246533188
gep18,00,2023-09-09,2023-10-08,gcrew,noaa_gefs,18,AirTemp_C_mean,29,16.038568115234398
gep18,00,2023-09-09,2023-10-08,gcrew,noaa_gefs,18,RH_percent_mean,29,62.47337341308594
gep18,00,2023-09-09,2023-10-08,gcrew,noaa_gefs,18,Rain_mm_sum,29,0
gep18,00,2023-09-09,2023-10-08,gcrew,noaa_gefs,18,ShortwaveRadiation_Wm2,29,182
gep18,00,2023-09-09,2023-10-08,gcrew,noaa_gefs,18,WindSpeed_ms_mean,29,4.436974656013027
gep18,00,2023-09-09,2023-10-09,gcrew,noaa_gefs,18,AirTemp_C_mean,30,18.04213104248049
gep18,00,2023-09-09,2023-10-09,gcrew,noaa_gefs,18,RH_percent_mean,30,64.63348579406738
gep18,00,2023-09-09,2023-10-09,gcrew,noaa_gefs,18,Rain_mm_sum,30,0.10000000149011612
gep18,00,2023-09-09,2023-10-09,gcrew,noaa_gefs,18,ShortwaveRadiation_Wm2,30,180.5
gep18,00,2023-09-09,2023-10-09,gcrew,noaa_gefs,18,WindSpeed_ms_mean,30,7.391516267652271
gep18,00,2023-09-09,2023-10-10,gcrew,noaa_gefs,18,AirTemp_C_mean,31,10.97205505371096
gep18,00,2023-09-09,2023-10-10,gcrew,noaa_gefs,18,RH_percent_mean,31,45.596985816955566
gep18,00,2023-09-09,2023-10-10,gcrew,noaa_gefs,18,Rain_mm_sum,31,0
gep18,00,2023-09-09,2023-10-10,gcrew,noaa_gefs,18,ShortwaveRadiation_Wm2,31,209.25
gep18,00,2023-09-09,2023-10-10,gcrew,noaa_gefs,18,WindSpeed_ms_mean,31,4.847591688904462
gep18,00,2023-09-09,2023-10-11,gcrew,noaa_gefs,18,AirTemp_C_mean,32,13.605989074707054
gep18,00,2023-09-09,2023-10-11,gcrew,noaa_gefs,18,RH_percent_mean,32,67.84227752685547
gep18,00,2023-09-09,2023-10-11,gcrew,noaa_gefs,18,Rain_mm_sum,32,0.10000000149011612
gep18,00,2023-09-09,2023-10-11,gcrew,noaa_gefs,18,ShortwaveRadiation_Wm2,32,119
gep18,00,2023-09-09,2023-10-11,gcrew,noaa_gefs,18,WindSpeed_ms_mean,32,4.346613717382562
gep18,00,2023-09-09,2023-10-12,gcrew,noaa_gefs,18,AirTemp_C_mean,33,20.219476318359398
gep18,00,2023-09-09,2023-10-12,gcrew,noaa_gefs,18,RH_percent_mean,33,86.41911506652832
gep18,00,2023-09-09,2023-10-12,gcrew,noaa_gefs,18,Rain_mm_sum,33,0.10000000149011612
gep18,00,2023-09-09,2023-10-12,gcrew,noaa_gefs,18,ShortwaveRadiation_Wm2,33,121
gep18,00,2023-09-09,2023-10-12,gcrew,noaa_gefs,18,WindSpeed_ms_mean,33,6.458461832002699
gep18,00,2023-09-09,2023-10-13,gcrew,noaa_gefs,18,AirTemp_C_mean,34,21.163812255859398
gep18,00,2023-09-09,2023-10-13,gcrew,noaa_gefs,18,RH_percent_mean,34,83.2275333404541
gep18,00,2023-09-09,2023-10-13,gcrew,noaa_gefs,18,Rain_mm_sum,34,26.900000289082527
gep18,00,2023-09-09,2023-10-13,gcrew,noaa_gefs,18,ShortwaveRadiation_Wm2,34,84.75
gep18,00,2023-09-09,2023-10-13,gcrew,noaa_gefs,18,WindSpeed_ms_mean,34,7.309394128531857
gep18,00,2023-09-09,2023-10-14,gcrew,noaa_gefs,18,AirTemp_C_mean,35,17.296502685546898
gep18,00,2023-09-09,2023-10-14,gcrew,noaa_gefs,18,RH_percent_mean,35,54.04242706298828
gep18,00,2023-09-09,2023-10-14,gcrew,noaa_gefs,18,Rain_mm_sum,35,0
gep18,00,2023-09-09,2023-10-14,gcrew,noaa_gefs,18,ShortwaveRadiation_Wm2,35,247
gep18,00,2023-09-09,2023-10-14,gcrew,noaa_gefs,18,WindSpeed_ms_mean,35,7.0066434777233235
gep19,00,2023-09-09,2023-09-09,gcrew,noaa_gefs,19,AirTemp_C_mean,0,24.57565133231029
gep19,00,2023-09-09,2023-09-09,gcrew,noaa_gefs,19,RH_percent_mean,0,81.28700474330357
gep19,00,2023-09-09,2023-09-09,gcrew,noaa_gefs,19,Rain_mm_sum,0,9.989999949932098
gep19,00,2023-09-09,2023-09-09,gcrew,noaa_gefs,19,ShortwaveRadiation_Wm2,0,208.42857142857142
gep19,00,2023-09-09,2023-09-09,gcrew,noaa_gefs,19,WindSpeed_ms_mean,0,2.244640159790602
gep19,00,2023-09-09,2023-09-10,gcrew,noaa_gefs,19,AirTemp_C_mean,1,23.364217376709007
gep19,00,2023-09-09,2023-09-10,gcrew,noaa_gefs,19,RH_percent_mean,1,79.58796691894531
gep19,00,2023-09-09,2023-09-10,gcrew,noaa_gefs,19,Rain_mm_sum,1,2.1700000278651714
gep19,00,2023-09-09,2023-09-10,gcrew,noaa_gefs,19,ShortwaveRadiation_Wm2,1,106
gep19,00,2023-09-09,2023-09-10,gcrew,noaa_gefs,19,WindSpeed_ms_mean,1,2.0001020501904465
gep19,00,2023-09-09,2023-09-11,gcrew,noaa_gefs,19,AirTemp_C_mean,2,23.99094161987307
gep19,00,2023-09-09,2023-09-11,gcrew,noaa_gefs,19,RH_percent_mean,2,76.6868748664856
gep19,00,2023-09-09,2023-09-11,gcrew,noaa_gefs,19,Rain_mm_sum,2,14.520000278949738
gep19,00,2023-09-09,2023-09-11,gcrew,noaa_gefs,19,ShortwaveRadiation_Wm2,2,236.125
gep19,00,2023-09-09,2023-09-11,gcrew,noaa_gefs,19,WindSpeed_ms_mean,2,1.2761169694246208
gep19,00,2023-09-09,2023-09-12,gcrew,noaa_gefs,19,AirTemp_C_mean,3,24.883412933349632
gep19,00,2023-09-09,2023-09-12,gcrew,noaa_gefs,19,RH_percent_mean,3,71.71621131896973
gep19,00,2023-09-09,2023-09-12,gcrew,noaa_gefs,19,Rain_mm_sum,3,5.510000050067902
gep19,00,2023-09-09,2023-09-12,gcrew,noaa_gefs,19,ShortwaveRadiation_Wm2,3,235.5
gep19,00,2023-09-09,2023-09-12,gcrew,noaa_gefs,19,WindSpeed_ms_mean,3,2.631870711383254
gep19,00,2023-09-09,2023-09-13,gcrew,noaa_gefs,19,AirTemp_C_mean,4,22.81793365478518
gep19,00,2023-09-09,2023-09-13,gcrew,noaa_gefs,19,RH_percent_mean,4,73.45065355300903
gep19,00,2023-09-09,2023-09-13,gcrew,noaa_gefs,19,Rain_mm_sum,4,13.47999992966652
gep19,00,2023-09-09,2023-09-13,gcrew,noaa_gefs,19,ShortwaveRadiation_Wm2,4,134.25
gep19,00,2023-09-09,2023-09-13,gcrew,noaa_gefs,19,WindSpeed_ms_mean,4,3.913124752342366
gep19,00,2023-09-09,2023-09-14,gcrew,noaa_gefs,19,AirTemp_C_mean,5,21.205693817138695
gep19,00,2023-09-09,2023-09-14,gcrew,noaa_gefs,19,RH_percent_mean,5,50.70257902145386
gep19,00,2023-09-09,2023-09-14,gcrew,noaa_gefs,19,Rain_mm_sum,5,0.20000000298023224
gep19,00,2023-09-09,2023-09-14,gcrew,noaa_gefs,19,ShortwaveRadiation_Wm2,5,266.875
gep19,00,2023-09-09,2023-09-14,gcrew,noaa_gefs,19,WindSpeed_ms_mean,5,3.7478175500416757
gep19,00,2023-09-09,2023-09-15,gcrew,noaa_gefs,19,AirTemp_C_mean,6,20.683343505859398
gep19,00,2023-09-09,2023-09-15,gcrew,noaa_gefs,19,RH_percent_mean,6,51.90177011489868
gep19,00,2023-09-09,2023-09-15,gcrew,noaa_gefs,19,Rain_mm_sum,6,0
gep19,00,2023-09-09,2023-09-15,gcrew,noaa_gefs,19,ShortwaveRadiation_Wm2,6,267.125
gep19,00,2023-09-09,2023-09-15,gcrew,noaa_gefs,19,WindSpeed_ms_mean,6,4.967512346372693
gep19,00,2023-09-09,2023-09-16,gcrew,noaa_gefs,19,AirTemp_C_mean,7,21.02536544799807
gep19,00,2023-09-09,2023-09-16,gcrew,noaa_gefs,19,RH_percent_mean,7,53.187461853027344
gep19,00,2023-09-09,2023-09-16,gcrew,noaa_gefs,19,Rain_mm_sum,7,0
gep19,00,2023-09-09,2023-09-16,gcrew,noaa_gefs,19,ShortwaveRadiation_Wm2,7,267.25
gep19,00,2023-09-09,2023-09-16,gcrew,noaa_gefs,19,WindSpeed_ms_mean,7,4.777442492071275
gep19,00,2023-09-09,2023-09-17,gcrew,noaa_gefs,19,AirTemp_C_mean,8,21.546594238281273
gep19,00,2023-09-09,2023-09-17,gcrew,noaa_gefs,19,RH_percent_mean,8,53.33281660079956
gep19,00,2023-09-09,2023-09-17,gcrew,noaa_gefs,19,Rain_mm_sum,8,0
gep19,00,2023-09-09,2023-09-17,gcrew,noaa_gefs,19,ShortwaveRadiation_Wm2,8,259.625
gep19,00,2023-09-09,2023-09-17,gcrew,noaa_gefs,19,WindSpeed_ms_mean,8,1.228218844842356
gep19,00,2023-09-09,2023-09-18,gcrew,noaa_gefs,19,AirTemp_C_mean,9,22.745000457763695
gep19,00,2023-09-09,2023-09-18,gcrew,noaa_gefs,19,RH_percent_mean,9,58.80604076385498
gep19,00,2023-09-09,2023-09-18,gcrew,noaa_gefs,19,Rain_mm_sum,9,0.12000000104308128
gep19,00,2023-09-09,2023-09-18,gcrew,noaa_gefs,19,ShortwaveRadiation_Wm2,9,171.375
gep19,00,2023-09-09,2023-09-18,gcrew,noaa_gefs,19,WindSpeed_ms_mean,9,3.6700750408084533
gep19,00,2023-09-09,2023-09-19,gcrew,noaa_gefs,19,AirTemp_C_mean,10,21.85382232666018
gep19,00,2023-09-09,2023-09-19,gcrew,noaa_gefs,19,RH_percent_mean,10,51.910043716430664
gep19,00,2023-09-09,2023-09-19,gcrew,noaa_gefs,19,Rain_mm_sum,10,0
gep19,00,2023-09-09,2023-09-19,gcrew,noaa_gefs,19,ShortwaveRadiation_Wm2,10,222.75
gep19,00,2023-09-09,2023-09-19,gcrew,noaa_gefs,19,WindSpeed_ms_mean,10,4.17428520665981
gep19,00,2023-09-09,2023-09-20,gcrew,noaa_gefs,19,AirTemp_C_mean,11,20.50086364746096
gep19,00,2023-09-09,2023-09-20,gcrew,noaa_gefs,19,RH_percent_mean,11,56.514787673950195
gep19,00,2023-09-09,2023-09-20,gcrew,noaa_gefs,19,Rain_mm_sum,11,0
gep19,00,2023-09-09,2023-09-20,gcrew,noaa_gefs,19,ShortwaveRadiation_Wm2,11,223.75
gep19,00,2023-09-09,2023-09-20,gcrew,noaa_gefs,19,WindSpeed_ms_mean,11,3.8783071905583006
gep19,00,2023-09-09,2023-09-21,gcrew,noaa_gefs,19,AirTemp_C_mean,12,21.212396240234398
gep19,00,2023-09-09,2023-09-21,gcrew,noaa_gefs,19,RH_percent_mean,12,57.83141326904297
gep19,00,2023-09-09,2023-09-21,gcrew,noaa_gefs,19,Rain_mm_sum,12,0
gep19,00,2023-09-09,2023-09-21,gcrew,noaa_gefs,19,ShortwaveRadiation_Wm2,12,217.75
gep19,00,2023-09-09,2023-09-21,gcrew,noaa_gefs,19,WindSpeed_ms_mean,12,3.3514963749039914
gep19,00,2023-09-09,2023-09-22,gcrew,noaa_gefs,19,AirTemp_C_mean,13,23.03926239013674
gep19,00,2023-09-09,2023-09-22,gcrew,noaa_gefs,19,RH_percent_mean,13,61.35855007171631
gep19,00,2023-09-09,2023-09-22,gcrew,noaa_gefs,19,Rain_mm_sum,13,0
gep19,00,2023-09-09,2023-09-22,gcrew,noaa_gefs,19,ShortwaveRadiation_Wm2,13,219.75
gep19,00,2023-09-09,2023-09-22,gcrew,noaa_gefs,19,WindSpeed_ms_mean,13,1.8093905060696394
gep19,00,2023-09-09,2023-09-23,gcrew,noaa_gefs,19,AirTemp_C_mean,14,22.375588989257835
gep19,00,2023-09-09,2023-09-23,gcrew,noaa_gefs,19,RH_percent_mean,14,63.70778179168701
gep19,00,2023-09-09,2023-09-23,gcrew,noaa_gefs,19,Rain_mm_sum,14,0
gep19,00,2023-09-09,2023-09-23,gcrew,noaa_gefs,19,ShortwaveRadiation_Wm2,14,232
gep19,00,2023-09-09,2023-09-23,gcrew,noaa_gefs,19,WindSpeed_ms_mean,14,4.553198777918426
gep19,00,2023-09-09,2023-09-24,gcrew,noaa_gefs,19,AirTemp_C_mean,15,21.508035278320335
gep19,00,2023-09-09,2023-09-24,gcrew,noaa_gefs,19,RH_percent_mean,15,75.4688196182251
gep19,00,2023-09-09,2023-09-24,gcrew,noaa_gefs,19,Rain_mm_sum,15,0.20000000298023224
gep19,00,2023-09-09,2023-09-24,gcrew,noaa_gefs,19,ShortwaveRadiation_Wm2,15,161
gep19,00,2023-09-09,2023-09-24,gcrew,noaa_gefs,19,WindSpeed_ms_mean,15,5.2646868981549435
gep19,00,2023-09-09,2023-09-25,gcrew,noaa_gefs,19,AirTemp_C_mean,16,22.39338836669924
gep19,00,2023-09-09,2023-09-25,gcrew,noaa_gefs,19,RH_percent_mean,16,80.72414588928223
gep19,00,2023-09-09,2023-09-25,gcrew,noaa_gefs,19,Rain_mm_sum,16,0.700000025331974
gep19,00,2023-09-09,2023-09-25,gcrew,noaa_gefs,19,ShortwaveRadiation_Wm2,16,134.25
gep19,00,2023-09-09,2023-09-25,gcrew,noaa_gefs,19,WindSpeed_ms_mean,16,3.9959241047420417
gep19,00,2023-09-09,2023-09-26,gcrew,noaa_gefs,19,AirTemp_C_mean,17,21.122277832031273
gep19,00,2023-09-09,2023-09-26,gcrew,noaa_gefs,19,RH_percent_mean,17,91.78124618530273
gep19,00,2023-09-09,2023-09-26,gcrew,noaa_gefs,19,Rain_mm_sum,17,17.700000673532486
gep19,00,2023-09-09,2023-09-26,gcrew,noaa_gefs,19,ShortwaveRadiation_Wm2,17,71.75
gep19,00,2023-09-09,2023-09-26,gcrew,noaa_gefs,19,WindSpeed_ms_mean,17,4.524560070543811
gep19,00,2023-09-09,2023-09-27,gcrew,noaa_gefs,19,AirTemp_C_mean,18,21.53302917480471
gep19,00,2023-09-09,2023-09-27,gcrew,noaa_gefs,19,RH_percent_mean,18,94.12124061584473
gep19,00,2023-09-09,2023-09-27,gcrew,noaa_gefs,19,Rain_mm_sum,18,26.30000001192093
gep19,00,2023-09-09,2023-09-27,gcrew,noaa_gefs,19,ShortwaveRadiation_Wm2,18,45
gep19,00,2023-09-09,2023-09-27,gcrew,noaa_gefs,19,WindSpeed_ms_mean,18,3.4376454204120614
gep19,00,2023-09-09,2023-09-28,gcrew,noaa_gefs,19,AirTemp_C_mean,19,21.010675048828148
gep19,00,2023-09-09,2023-09-28,gcrew,noaa_gefs,19,RH_percent_mean,19,92.565582275390625
gep19,00,2023-09-09,2023-09-28,gcrew,noaa_gefs,19,Rain_mm_sum,19,16.90000021457672
gep19,00,2023-09-09,2023-09-28,gcrew,noaa_gefs,19,ShortwaveRadiation_Wm2,19,77
gep19,00,2023-09-09,2023-09-28,gcrew,noaa_gefs,19,WindSpeed_ms_mean,19,4.072877205063392
gep19,00,2023-09-09,2023-09-29,gcrew,noaa_gefs,19,AirTemp_C_mean,20,15.901658630371116
gep19,00,2023-09-09,2023-09-29,gcrew,noaa_gefs,19,RH_percent_mean,20,89.57869911193848
gep19,00,2023-09-09,2023-09-29,gcrew,noaa_gefs,19,Rain_mm_sum,20,13.20000046491623
gep19,00,2023-09-09,2023-09-29,gcrew,noaa_gefs,19,ShortwaveRadiation_Wm2,20,10
gep19,00,2023-09-09,2023-09-29,gcrew,noaa_gefs,19,WindSpeed_ms_mean,20,10.247166260311577
gep19,00,2023-09-09,2023-09-30,gcrew,noaa_gefs,19,AirTemp_C_mean,21,16.05395660400393
gep19,00,2023-09-09,2023-09-30,gcrew,noaa_gefs,19,RH_percent_mean,21,83.6533432006836
gep19,00,2023-09-09,2023-09-30,gcrew,noaa_gefs,19,Rain_mm_sum,21,2.200000062584877
gep19,00,2023-09-09,2023-09-30,gcrew,noaa_gefs,19,ShortwaveRadiation_Wm2,21,40.75
gep19,00,2023-09-09,2023-09-30,gcrew,noaa_gefs,19,WindSpeed_ms_mean,21,6.540632340833415
gep19,00,2023-09-09,2023-10-01,gcrew,noaa_gefs,19,AirTemp_C_mean,22,16.407647705078148
gep19,00,2023-09-09,2023-10-01,gcrew,noaa_gefs,19,RH_percent_mean,22,57.9601993560791
gep19,00,2023-09-09,2023-10-01,gcrew,noaa_gefs,19,Rain_mm_sum,22,0
gep19,00,2023-09-09,2023-10-01,gcrew,noaa_gefs,19,ShortwaveRadiation_Wm2,22,211.75
gep19,00,2023-09-09,2023-10-01,gcrew,noaa_gefs,19,WindSpeed_ms_mean,22,5.751839360697048
gep19,00,2023-09-09,2023-10-02,gcrew,noaa_gefs,19,AirTemp_C_mean,23,14.778672790527366
gep19,00,2023-09-09,2023-10-02,gcrew,noaa_gefs,19,RH_percent_mean,23,52.730899810791016
gep19,00,2023-09-09,2023-10-02,gcrew,noaa_gefs,19,Rain_mm_sum,23,0
gep19,00,2023-09-09,2023-10-02,gcrew,noaa_gefs,19,ShortwaveRadiation_Wm2,23,213
gep19,00,2023-09-09,2023-10-02,gcrew,noaa_gefs,19,WindSpeed_ms_mean,23,2.8789626857426764
gep19,00,2023-09-09,2023-10-03,gcrew,noaa_gefs,19,AirTemp_C_mean,24,19.176812744140648
gep19,00,2023-09-09,2023-10-03,gcrew,noaa_gefs,19,RH_percent_mean,24,79.48908996582031
gep19,00,2023-09-09,2023-10-03,gcrew,noaa_gefs,19,Rain_mm_sum,24,0
gep19,00,2023-09-09,2023-10-03,gcrew,noaa_gefs,19,ShortwaveRadiation_Wm2,24,204.5
gep19,00,2023-09-09,2023-10-03,gcrew,noaa_gefs,19,WindSpeed_ms_mean,24,2.91516139807672
gep19,00,2023-09-09,2023-10-04,gcrew,noaa_gefs,19,AirTemp_C_mean,25,22.34058532714846
gep19,00,2023-09-09,2023-10-04,gcrew,noaa_gefs,19,RH_percent_mean,25,75.36294078826904
gep19,00,2023-09-09,2023-10-04,gcrew,noaa_gefs,19,Rain_mm_sum,25,0
gep19,00,2023-09-09,2023-10-04,gcrew,noaa_gefs,19,ShortwaveRadiation_Wm2,25,210.75
gep19,00,2023-09-09,2023-10-04,gcrew,noaa_gefs,19,WindSpeed_ms_mean,25,2.9960568170531348
gep19,00,2023-09-09,2023-10-05,gcrew,noaa_gefs,19,AirTemp_C_mean,26,21.978173828125023
gep19,00,2023-09-09,2023-10-05,gcrew,noaa_gefs,19,RH_percent_mean,26,62.96555137634277
gep19,00,2023-09-09,2023-10-05,gcrew,noaa_gefs,19,Rain_mm_sum,26,0.30000000447034836
gep19,00,2023-09-09,2023-10-05,gcrew,noaa_gefs,19,ShortwaveRadiation_Wm2,26,181
gep19,00,2023-09-09,2023-10-05,gcrew,noaa_gefs,19,WindSpeed_ms_mean,26,5.094556622266271
gep19,00,2023-09-09,2023-10-06,gcrew,noaa_gefs,19,AirTemp_C_mean,27,17.76600799560549
gep19,00,2023-09-09,2023-10-06,gcrew,noaa_gefs,19,RH_percent_mean,27,66.44743537902832
gep19,00,2023-09-09,2023-10-06,gcrew,noaa_gefs,19,Rain_mm_sum,27,0
gep19,00,2023-09-09,2023-10-06,gcrew,noaa_gefs,19,ShortwaveRadiation_Wm2,27,141
gep19,00,2023-09-09,2023-10-06,gcrew,noaa_gefs,19,WindSpeed_ms_mean,27,4.729005513864134
gep19,00,2023-09-09,2023-10-07,gcrew,noaa_gefs,19,AirTemp_C_mean,28,16.294488525390648
gep19,00,2023-09-09,2023-10-07,gcrew,noaa_gefs,19,RH_percent_mean,28,53.386996269226074
gep19,00,2023-09-09,2023-10-07,gcrew,noaa_gefs,19,Rain_mm_sum,28,0
gep19,00,2023-09-09,2023-10-07,gcrew,noaa_gefs,19,ShortwaveRadiation_Wm2,28,189.75
gep19,00,2023-09-09,2023-10-07,gcrew,noaa_gefs,19,WindSpeed_ms_mean,28,3.770817246533188
gep19,00,2023-09-09,2023-10-08,gcrew,noaa_gefs,19,AirTemp_C_mean,29,16.038568115234398
gep19,00,2023-09-09,2023-10-08,gcrew,noaa_gefs,19,RH_percent_mean,29,62.47337341308594
gep19,00,2023-09-09,2023-10-08,gcrew,noaa_gefs,19,Rain_mm_sum,29,0
gep19,00,2023-09-09,2023-10-08,gcrew,noaa_gefs,19,ShortwaveRadiation_Wm2,29,182
gep19,00,2023-09-09,2023-10-08,gcrew,noaa_gefs,19,WindSpeed_ms_mean,29,4.436974656013027
gep19,00,2023-09-09,2023-10-09,gcrew,noaa_gefs,19,AirTemp_C_mean,30,18.04213104248049
gep19,00,2023-09-09,2023-10-09,gcrew,noaa_gefs,19,RH_percent_mean,30,64.63348579406738
gep19,00,2023-09-09,2023-10-09,gcrew,noaa_gefs,19,Rain_mm_sum,30,0.10000000149011612
gep19,00,2023-09-09,2023-10-09,gcrew,noaa_gefs,19,ShortwaveRadiation_Wm2,30,180.5
gep19,00,2023-09-09,2023-10-09,gcrew,noaa_gefs,19,WindSpeed_ms_mean,30,7.391516267652271
gep19,00,2023-09-09,2023-10-10,gcrew,noaa_gefs,19,AirTemp_C_mean,31,10.97205505371096
gep19,00,2023-09-09,2023-10-10,gcrew,noaa_gefs,19,RH_percent_mean,31,45.596985816955566
gep19,00,2023-09-09,2023-10-10,gcrew,noaa_gefs,19,Rain_mm_sum,31,0
gep19,00,2023-09-09,2023-10-10,gcrew,noaa_gefs,19,ShortwaveRadiation_Wm2,31,209.25
gep19,00,2023-09-09,2023-10-10,gcrew,noaa_gefs,19,WindSpeed_ms_mean,31,4.847591688904462
gep19,00,2023-09-09,2023-10-11,gcrew,noaa_gefs,19,AirTemp_C_mean,32,13.605989074707054
gep19,00,2023-09-09,2023-10-11,gcrew,noaa_gefs,19,RH_percent_mean,32,67.84227752685547
gep19,00,2023-09-09,2023-10-11,gcrew,noaa_gefs,19,Rain_mm_sum,32,0.10000000149011612
gep19,00,2023-09-09,2023-10-11,gcrew,noaa_gefs,19,ShortwaveRadiation_Wm2,32,119
gep19,00,2023-09-09,2023-10-11,gcrew,noaa_gefs,19,WindSpeed_ms_mean,32,4.346613717382562
gep19,00,2023-09-09,2023-10-12,gcrew,noaa_gefs,19,AirTemp_C_mean,33,20.219476318359398
gep19,00,2023-09-09,2023-10-12,gcrew,noaa_gefs,19,RH_percent_mean,33,86.41911506652832
gep19,00,2023-09-09,2023-10-12,gcrew,noaa_gefs,19,Rain_mm_sum,33,0.10000000149011612
gep19,00,2023-09-09,2023-10-12,gcrew,noaa_gefs,19,ShortwaveRadiation_Wm2,33,121
gep19,00,2023-09-09,2023-10-12,gcrew,noaa_gefs,19,WindSpeed_ms_mean,33,6.458461832002699
gep19,00,2023-09-09,2023-10-13,gcrew,noaa_gefs,19,AirTemp_C_mean,34,21.163812255859398
gep19,00,2023-09-09,2023-10-13,gcrew,noaa_gefs,19,RH_percent_mean,34,83.2275333404541
gep19,00,2023-09-09,2023-10-13,gcrew,noaa_gefs,19,Rain_mm_sum,34,26.900000289082527
gep19,00,2023-09-09,2023-10-13,gcrew,noaa_gefs,19,ShortwaveRadiation_Wm2,34,84.75
gep19,00,2023-09-09,2023-10-13,gcrew,noaa_gefs,19,WindSpeed_ms_mean,34,7.309394128531857
gep19,00,2023-09-09,2023-10-14,gcrew,noaa_gefs,19,AirTemp_C_mean,35,17.296502685546898
gep19,00,2023-09-09,2023-10-14,gcrew,noaa_gefs,19,RH_percent_mean,35,54.04242706298828
gep19,00,2023-09-09,2023-10-14,gcrew,noaa_gefs,19,Rain_mm_sum,35,0
gep19,00,2023-09-09,2023-10-14,gcrew,noaa_gefs,19,ShortwaveRadiation_Wm2,35,247
gep19,00,2023-09-09,2023-10-14,gcrew,noaa_gefs,19,WindSpeed_ms_mean,35,7.0066434777233235
gep20,00,2023-09-09,2023-09-09,gcrew,noaa_gefs,20,AirTemp_C_mean,0,24.57565133231029
gep20,00,2023-09-09,2023-09-09,gcrew,noaa_gefs,20,RH_percent_mean,0,81.28700474330357
gep20,00,2023-09-09,2023-09-09,gcrew,noaa_gefs,20,Rain_mm_sum,0,9.989999949932098
gep20,00,2023-09-09,2023-09-09,gcrew,noaa_gefs,20,ShortwaveRadiation_Wm2,0,208.42857142857142
gep20,00,2023-09-09,2023-09-09,gcrew,noaa_gefs,20,WindSpeed_ms_mean,0,2.244640159790602
gep20,00,2023-09-09,2023-09-10,gcrew,noaa_gefs,20,AirTemp_C_mean,1,23.364217376709007
gep20,00,2023-09-09,2023-09-10,gcrew,noaa_gefs,20,RH_percent_mean,1,79.58796691894531
gep20,00,2023-09-09,2023-09-10,gcrew,noaa_gefs,20,Rain_mm_sum,1,2.1700000278651714
gep20,00,2023-09-09,2023-09-10,gcrew,noaa_gefs,20,ShortwaveRadiation_Wm2,1,106
gep20,00,2023-09-09,2023-09-10,gcrew,noaa_gefs,20,WindSpeed_ms_mean,1,2.0001020501904465
gep20,00,2023-09-09,2023-09-11,gcrew,noaa_gefs,20,AirTemp_C_mean,2,23.99094161987307
gep20,00,2023-09-09,2023-09-11,gcrew,noaa_gefs,20,RH_percent_mean,2,76.6868748664856
gep20,00,2023-09-09,2023-09-11,gcrew,noaa_gefs,20,Rain_mm_sum,2,14.520000278949738
gep20,00,2023-09-09,2023-09-11,gcrew,noaa_gefs,20,ShortwaveRadiation_Wm2,2,236.125
gep20,00,2023-09-09,2023-09-11,gcrew,noaa_gefs,20,WindSpeed_ms_mean,2,1.2761169694246208
gep20,00,2023-09-09,2023-09-12,gcrew,noaa_gefs,20,AirTemp_C_mean,3,24.883412933349632
gep20,00,2023-09-09,2023-09-12,gcrew,noaa_gefs,20,RH_percent_mean,3,71.71621131896973
gep20,00,2023-09-09,2023-09-12,gcrew,noaa_gefs,20,Rain_mm_sum,3,5.510000050067902
gep20,00,2023-09-09,2023-09-12,gcrew,noaa_gefs,20,ShortwaveRadiation_Wm2,3,235.5
gep20,00,2023-09-09,2023-09-12,gcrew,noaa_gefs,20,WindSpeed_ms_mean,3,2.631870711383254
gep20,00,2023-09-09,2023-09-13,gcrew,noaa_gefs,20,AirTemp_C_mean,4,22.81793365478518
gep20,00,2023-09-09,2023-09-13,gcrew,noaa_gefs,20,RH_percent_mean,4,73.45065355300903
gep20,00,2023-09-09,2023-09-13,gcrew,noaa_gefs,20,Rain_mm_sum,4,13.47999992966652
gep20,00,2023-09-09,2023-09-13,gcrew,noaa_gefs,20,ShortwaveRadiation_Wm2,4,134.25
gep20,00,2023-09-09,2023-09-13,gcrew,noaa_gefs,20,WindSpeed_ms_mean,4,3.913124752342366
gep20,00,2023-09-09,2023-09-14,gcrew,noaa_gefs,20,AirTemp_C_mean,5,21.205693817138695
gep20,00,2023-09-09,2023-09-14,gcrew,noaa_gefs,20,RH_percent_mean,5,50.70257902145386
gep20,00,2023-09-09,2023-09-14,gcrew,noaa_gefs,20,Rain_mm_sum,5,0.20000000298023224
gep20,00,2023-09-09,2023-09-14,gcrew,noaa_gefs,20,ShortwaveRadiation_Wm2,5,266.875
gep20,00,2023-09-09,2023-09-14,gcrew,noaa_gefs,20,WindSpeed_ms_mean,5,3.7478175500416757
gep20,00,2023-09-09,2023-09-15,gcrew,noaa_gefs,20,AirTemp_C_mean,6,20.683343505859398
gep20,00,2023-09-09,2023-09-15,gcrew,noaa_gefs,20,RH_percent_mean,6,51.90177011489868
gep20,00,2023-09-09,2023-09-15,gcrew,noaa_gefs,20,Rain_mm_sum,6,0
gep20,00,2023-09-09,2023-09-15,gcrew,noaa_gefs,20,ShortwaveRadiation_Wm2,6,267.125
gep20,00,2023-09-09,2023-09-15,gcrew,noaa_gefs,20,WindSpeed_ms_mean,6,4.967512346372693
gep20,00,2023-09-09,2023-09-16,gcrew,noaa_gefs,20,AirTemp_C_mean,7,21.02536544799807
gep20,00,2023-09-09,2023-09-16,gcrew,noaa_gefs,20,RH_percent_mean,7,53.187461853027344
gep20,00,2023-09-09,2023-09-16,gcrew,noaa_gefs,20,Rain_mm_sum,7,0
gep20,00,2023-09-09,2023-09-16,gcrew,noaa_gefs,20,ShortwaveRadiation_Wm2,7,267.25
gep20,00,2023-09-09,2023-09-16,gcrew,noaa_gefs,20,WindSpeed_ms_mean,7,4.777442492071275
gep20,00,2023-09-09,2023-09-17,gcrew,noaa_gefs,20,AirTemp_C_mean,8,21.546594238281273
gep20,00,2023-09-09,2023-09-17,gcrew,noaa_gefs,20,RH_percent_mean,8,53.33281660079956
gep20,00,2023-09-09,2023-09-17,gcrew,noaa_gefs,20,Rain_mm_sum,8,0
gep20,00,2023-09-09,2023-09-17,gcrew,noaa_gefs,20,ShortwaveRadiation_Wm2,8,259.625
gep20,00,2023-09-09,2023-09-17,gcrew,noaa_gefs,20,WindSpeed_ms_mean,8,1.228218844842356
gep20,00,2023-09-09,2023-09-18,gcrew,noaa_gefs,20,AirTemp_C_mean,9,22.745000457763695
gep20,00,2023-09-09,2023-09-18,gcrew,noaa_gefs,20,RH_percent_mean,9,58.80604076385498
gep20,00,2023-09-09,2023-09-18,gcrew,noaa_gefs,20,Rain_mm_sum,9,0.12000000104308128
gep20,00,2023-09-09,2023-09-18,gcrew,noaa_gefs,20,ShortwaveRadiation_Wm2,9,171.375
gep20,00,2023-09-09,2023-09-18,gcrew,noaa_gefs,20,WindSpeed_ms_mean,9,3.6700750408084533
gep20,00,2023-09-09,2023-09-19,gcrew,noaa_gefs,20,AirTemp_C_mean,10,21.85382232666018
gep20,00,2023-09-09,2023-09-19,gcrew,noaa_gefs,20,RH_percent_mean,10,51.910043716430664
gep20,00,2023-09-09,2023-09-19,gcrew,noaa_gefs,20,Rain_mm_sum,10,0
gep20,00,2023-09-09,2023-09-19,gcrew,noaa_gefs,20,ShortwaveRadiation_Wm2,10,222.75
gep20,00,2023-09-09,2023-09-19,gcrew,noaa_gefs,20,WindSpeed_ms_mean,10,4.17428520665981
gep20,00,2023-09-09,2023-09-20,gcrew,noaa_gefs,20,AirTemp_C_mean,11,20.50086364746096
gep20,00,2023-09-09,2023-09-20,gcrew,noaa_gefs,20,RH_percent_mean,11,56.514787673950195
gep20,00,2023-09-09,2023-09-20,gcrew,noaa_gefs,20,Rain_mm_sum,11,0
gep20,00,2023-09-09,2023-09-20,gcrew,noaa_gefs,20,ShortwaveRadiation_Wm2,11,223.75
gep20,00,2023-09-09,2023-09-20,gcrew,noaa_gefs,20,WindSpeed_ms_mean,11,3.8783071905583006
gep20,00,2023-09-09,2023-09-21,gcrew,noaa_gefs,20,AirTemp_C_mean,12,21.212396240234398
gep20,00,2023-09-09,2023-09-21,gcrew,noaa_gefs,20,RH_percent_mean,12,57.83141326904297
gep20,00,2023-09-09,2023-09-21,gcrew,noaa_gefs,20,Rain_mm_sum,12,0
gep20,00,2023-09-09,2023-09-21,gcrew,noaa_gefs,20,ShortwaveRadiation_Wm2,12,217.75
gep20,00,2023-09-09,2023-09-21,gcrew,noaa_gefs,20,WindSpeed_ms_mean,12,3.3514963749039914
gep20,00,2023-09-09,2023-09-22,gcrew,noaa_gefs,20,AirTemp_C_mean,13,23.03926239013674
gep20,00,2023-09-09,2023-09-22,gcrew,noaa_gefs,20,RH_percent_mean,13,61.35855007171631
gep20,00,2023-09-09,2023-09-22,gcrew,noaa_gefs,20,Rain_mm_sum,13,0
gep20,00,2023-09-09,2023-09-22,gcrew,noaa_gefs,20,ShortwaveRadiation_Wm2,13,219.75
gep20,00,2023-09-09,2023-09-22,gcrew,noaa_gefs,20,WindSpeed_ms_mean,13,1.8093905060696394
gep20,00,2023-09-09,2023-09-23,gcrew,noaa_gefs,20,AirTemp_C_mean,14,22.375588989257835
gep20,00,2023-09-09,2023-09-23,gcrew,noaa_gefs,20,RH_percent_mean,14,63.70778179168701
gep20,00,2023-09-09,2023-09-23,gcrew,noaa_gefs,20,Rain_mm_sum,14,0
gep20,00,2023-09-09,2023-09-23,gcrew,noaa_gefs,20,ShortwaveRadiation_Wm2,14,232
gep20,00,2023-09-09,2023-09-23,gcrew,noaa_gefs,20,WindSpeed_ms_mean,14,4.553198777918426
gep20,00,2023-09-09,2023-09-24,gcrew,noaa_gefs,20,AirTemp_C_mean,15,21.508035278320335
gep20,00,2023-09-09,2023-09-24,gcrew,noaa_gefs,20,RH_percent_mean,15,75.4688196182251
gep20,00,2023-09-09,2023-09-24,gcrew,noaa_gefs,20,Rain_mm_sum,15,0.20000000298023224
gep20,00,2023-09-09,2023-09-24,gcrew,noaa_gefs,20,ShortwaveRadiation_Wm2,15,161
gep20,00,2023-09-09,2023-09-24,gcrew,noaa_gefs,20,WindSpeed_ms_mean,15,5.2646868981549435
gep20,00,2023-09-09,2023-09-25,gcrew,noaa_gefs,20,AirTemp_C_mean,16,22.39338836669924
gep20,00,2023-09-09,2023-09-25,gcrew,noaa_gefs,20,RH_percent_mean,16,80.72414588928223
gep20,00,2023-09-09,2023-09-25,gcrew,noaa_gefs,20,Rain_mm_sum,16,0.700000025331974
gep20,00,2023-09-09,2023-09-25,gcrew,noaa_gefs,20,ShortwaveRadiation_Wm2,16,134.25
gep20,00,2023-09-09,2023-09-25,gcrew,noaa_gefs,20,WindSpeed_ms_mean,16,3.9959241047420417
gep20,00,2023-09-09,2023-09-26,gcrew,noaa_gefs,20,AirTemp_C_mean,17,21.122277832031273
gep20,00,2023-09-09,2023-09-26,gcrew,noaa_gefs,20,RH_percent_mean,17,91.78124618530273
gep20,00,2023-09-09,2023-09-26,gcrew,noaa_gefs,20,Rain_mm_sum,17,17.700000673532486
gep20,00,2023-09-09,2023-09-26,gcrew,noaa_gefs,20,ShortwaveRadiation_Wm2,17,71.75
gep20,00,2023-09-09,2023-09-26,gcrew,noaa_gefs,20,WindSpeed_ms_mean,17,4.524560070543811
gep20,00,2023-09-09,2023-09-27,gcrew,noaa_gefs,20,AirTemp_C_mean,18,21.53302917480471
gep20,00,2023-09-09,2023-09-27,gcrew,noaa_gefs,20,RH_percent_mean,18,94.12124061584473
gep20,00,2023-09-09,2023-09-27,gcrew,noaa_gefs,20,Rain_mm_sum,18,26.30000001192093
gep20,00,2023-09-09,2023-09-27,gcrew,noaa_gefs,20,ShortwaveRadiation_Wm2,18,45
gep20,00,2023-09-09,2023-09-27,gcrew,noaa_gefs,20,WindSpeed_ms_mean,18,3.4376454204120614
gep20,00,2023-09-09,2023-09-28,gcrew,noaa_gefs,20,AirTemp_C_mean,19,21.010675048828148
gep20,00,2023-09-09,2023-09-28,gcrew,noaa_gefs,20,RH_percent_mean,19,92.565582275390625
gep20,00,2023-09-09,2023-09-28,gcrew,noaa_gefs,20,Rain_mm_sum,19,16.90000021457672
gep20,00,2023-09-09,2023-09-28,gcrew,noaa_gefs,20,ShortwaveRadiation_Wm2,19,77
gep20,00,2023-09-09,2023-09-28,gcrew,noaa_gefs,20,WindSpeed_ms_mean,19,4.072877205063392
gep20,00,2023-09-09,2023-09-29,gcrew,noaa_gefs,20,AirTemp_C_mean,20,15.901658630371116
gep20,00,2023-09-09,2023-09-29,gcrew,noaa_gefs,20,RH_percent_mean,20,89.57869911193848
gep20,00,2023-09-09,2023-09-29,gcrew,noaa_gefs,20,Rain_mm_sum,20,13.20000046491623
gep20,00,2023-09-09,2023-09-29,gcrew,noaa_gefs,20,ShortwaveRadiation_Wm2,20,10
gep20,00,2023-09-09,2023-09-29,gcrew,noaa_gefs,20,WindSpeed_ms_mean,20,10.247166260311577
gep20,00,2023-09-09,2023-09-30,gcrew,noaa_gefs,20,AirTemp_C_mean,21,16.05395660400393
gep20,00,2023-09-09,2023-09-30,gcrew,noaa_gefs,20,RH_percent_mean,21,83.6533432006836
gep20,00,2023-09-09,2023-09-30,gcrew,noaa_gefs,20,Rain_mm_sum,21,2.200000062584877
gep20,00,2023-09-09,2023-09-30,gcrew,noaa_gefs,20,ShortwaveRadiation_Wm2,21,40.75
gep20,00,2023-09-09,2023-09-30,gcrew,noaa_gefs,20,WindSpeed_ms_mean,21,6.540632340833415
gep20,00,2023-09-09,2023-10-01,gcrew,noaa_gefs,20,AirTemp_C_mean,22,16.407647705078148
gep20,00,2023-09-09,2023-10-01,gcrew,noaa_gefs,20,RH_percent_mean,22,57.9601993560791
gep20,00,2023-09-09,2023-10-01,gcrew,noaa_gefs,20,Rain_mm_sum,22,0
gep20,00,2023-09-09,2023-10-01,gcrew,noaa_gefs,20,ShortwaveRadiation_Wm2,22,211.75
gep20,00,2023-09-09,2023-10-01,gcrew,noaa_gefs,20,WindSpeed_ms_mean,22,5.751839360697048
gep20,00,2023-09-09,2023-10-02,gcrew,noaa_gefs,20,AirTemp_C_mean,23,14.778672790527366
gep20,00,2023-09-09,2023-10-02,gcrew,noaa_gefs,20,RH_percent_mean,23,52.730899810791016
gep20,00,2023-09-09,2023-10-02,gcrew,noaa_gefs,20,Rain_mm_sum,23,0
gep20,00,2023-09-09,2023-10-02,gcrew,noaa_gefs,20,ShortwaveRadiation_Wm2,23,213
gep20,00,2023-09-09,2023-10-02,gcrew,noaa_gefs,20,WindSpeed_ms_mean,23,2.8789626857426764
gep20,00,2023-09-09,2023-10-03,gcrew,noaa_gefs,20,AirTemp_C_mean,24,19.176812744140648
gep20,00,2023-09-09,2023-10-03,gcrew,noaa_gefs,20,RH_percent_mean,24,79.48908996582031
gep20,00,2023-09-09,2023-10-03,gcrew,noaa_gefs,20,Rain_mm_sum,24,0
gep20,00,2023-09-09,2023-10-03,gcrew,noaa_gefs,20,ShortwaveRadiation_Wm2,24,204.5
gep20,00,2023-09-09,2023-10-03,gcrew,noaa_gefs,20,WindSpeed_ms_mean,24,2.91516139807672
gep20,00,2023-09-09,2023-10-04,gcrew,noaa_gefs,20,AirTemp_C_mean,25,22.34058532714846
gep20,00,2023-09-09,2023-10-04,gcrew,noaa_gefs,20,RH_percent_mean,25,75.36294078826904
gep20,00,2023-09-09,2023-10-04,gcrew,noaa_gefs,20,Rain_mm_sum,25,0
gep20,00,2023-09-09,2023-10-04,gcrew,noaa_gefs,20,ShortwaveRadiation_Wm2,25,210.75
gep20,00,2023-09-09,2023-10-04,gcrew,noaa_gefs,20,WindSpeed_ms_mean,25,2.9960568170531348
gep20,00,2023-09-09,2023-10-05,gcrew,noaa_gefs,20,AirTemp_C_mean,26,21.978173828125023
gep20,00,2023-09-09,2023-10-05,gcrew,noaa_gefs,20,RH_percent_mean,26,62.96555137634277
gep20,00,2023-09-09,2023-10-05,gcrew,noaa_gefs,20,Rain_mm_sum,26,0.30000000447034836
gep20,00,2023-09-09,2023-10-05,gcrew,noaa_gefs,20,ShortwaveRadiation_Wm2,26,181
gep20,00,2023-09-09,2023-10-05,gcrew,noaa_gefs,20,WindSpeed_ms_mean,26,5.094556622266271
gep20,00,2023-09-09,2023-10-06,gcrew,noaa_gefs,20,AirTemp_C_mean,27,17.76600799560549
gep20,00,2023-09-09,2023-10-06,gcrew,noaa_gefs,20,RH_percent_mean,27,66.44743537902832
gep20,00,2023-09-09,2023-10-06,gcrew,noaa_gefs,20,Rain_mm_sum,27,0
gep20,00,2023-09-09,2023-10-06,gcrew,noaa_gefs,20,ShortwaveRadiation_Wm2,27,141
gep20,00,2023-09-09,2023-10-06,gcrew,noaa_gefs,20,WindSpeed_ms_mean,27,4.729005513864134
gep20,00,2023-09-09,2023-10-07,gcrew,noaa_gefs,20,AirTemp_C_mean,28,16.294488525390648
gep20,00,2023-09-09,2023-10-07,gcrew,noaa_gefs,20,RH_percent_mean,28,53.386996269226074
gep20,00,2023-09-09,2023-10-07,gcrew,noaa_gefs,20,Rain_mm_sum,28,0
gep20,00,2023-09-09,2023-10-07,gcrew,noaa_gefs,20,ShortwaveRadiation_Wm2,28,189.75
gep20,00,2023-09-09,2023-10-07,gcrew,noaa_gefs,20,WindSpeed_ms_mean,28,3.770817246533188
gep20,00,2023-09-09,2023-10-08,gcrew,noaa_gefs,20,AirTemp_C_mean,29,16.038568115234398
gep20,00,2023-09-09,2023-10-08,gcrew,noaa_gefs,20,RH_percent_mean,29,62.47337341308594
gep20,00,2023-09-09,2023-10-08,gcrew,noaa_gefs,20,Rain_mm_sum,29,0
gep20,00,2023-09-09,2023-10-08,gcrew,noaa_gefs,20,ShortwaveRadiation_Wm2,29,182
gep20,00,2023-09-09,2023-10-08,gcrew,noaa_gefs,20,WindSpeed_ms_mean,29,4.436974656013027
gep20,00,2023-09-09,2023-10-09,gcrew,noaa_gefs,20,AirTemp_C_mean,30,18.04213104248049
gep20,00,2023-09-09,2023-10-09,gcrew,noaa_gefs,20,RH_percent_mean,30,64.63348579406738
gep20,00,2023-09-09,2023-10-09,gcrew,noaa_gefs,20,Rain_mm_sum,30,0.10000000149011612
gep20,00,2023-09-09,2023-10-09,gcrew,noaa_gefs,20,ShortwaveRadiation_Wm2,30,180.5
gep20,00,2023-09-09,2023-10-09,gcrew,noaa_gefs,20,WindSpeed_ms_mean,30,7.391516267652271
gep20,00,2023-09-09,2023-10-10,gcrew,noaa_gefs,20,AirTemp_C_mean,31,10.97205505371096
gep20,00,2023-09-09,2023-10-10,gcrew,noaa_gefs,20,RH_percent_mean,31,45.596985816955566
gep20,00,2023-09-09,2023-10-10,gcrew,noaa_gefs,20,Rain_mm_sum,31,0
gep20,00,2023-09-09,2023-10-10,gcrew,noaa_gefs,20,ShortwaveRadiation_Wm2,31,209.25
gep20,00,2023-09-09,2023-10-10,gcrew,noaa_gefs,20,WindSpeed_ms_mean,31,4.847591688904462
gep20,00,2023-09-09,2023-10-11,gcrew,noaa_gefs,20,AirTemp_C_mean,32,13.605989074707054
gep20,00,2023-09-09,2023-10-11,gcrew,noaa_gefs,20,RH_percent_mean,32,67.84227752685547
gep20,00,2023-09-09,2023-10-11,gcrew,noaa_gefs,20,Rain_mm_sum,32,0.10000000149011612
gep20,00,2023-09-09,2023-10-11,gcrew,noaa_gefs,20,ShortwaveRadiation_Wm2,32,119
gep20,00,2023-09-09,2023-10-11,gcrew,noaa_gefs,20,WindSpeed_ms_mean,32,4.346613717382562
gep20,00,2023-09-09,2023-10-12,gcrew,noaa_gefs,20,AirTemp_C_mean,33,20.219476318359398
gep20,00,2023-09-09,2023-10-12,gcrew,noaa_gefs,20,RH_percent_mean,33,86.41911506652832
gep20,00,2023-09-09,2023-10-12,gcrew,noaa_gefs,20,Rain_mm_sum,33,0.10000000149011612
gep20,00,2023-09-09,2023-10-12,gcrew,noaa_gefs,20,ShortwaveRadiation_Wm2,33,121
gep20,00,2023-09-09,2023-10-12,gcrew,noaa_gefs,20,WindSpeed_ms_mean,33,6.458461832002699
gep20,00,2023-09-09,2023-10-13,gcrew,noaa_gefs,20,AirTemp_C_mean,34,21.163812255859398
gep20,00,2023-09-09,2023-10-13,gcrew,noaa_gefs,20,RH_percent_mean,34,83.2275333404541
gep20,00,2023-09-09,2023-10-13,gcrew,noaa_gefs,20,Rain_mm_sum,34,26.900000289082527
gep20,00,2023-09-09,2023-10-13,gcrew,noaa_gefs,20,ShortwaveRadiation_Wm2,34,84.75
gep20,00,2023-09-09,2023-10-13,gcrew,noaa_gefs,20,WindSpeed_ms_mean,34,7.309394128531857
gep20,00,2023-09-09,2023-10-14,gcrew,noaa_gefs,20,AirTemp_C_mean,35,17.296502685546898
gep20,00,2023-09-09,2023-10-14,gcrew,noaa_gefs,20,RH_percent_mean,35,54.04242706298828
gep20,00,2023-09-09,2023-10-14,gcrew,noaa_gefs,20,Rain_mm_sum,35,0
gep20,00,2023-09-09,2023-10-14,gcrew,noaa_gefs,20,ShortwaveRadiation_Wm2,35,247
gep20,00,2023-09-09,2023-10-14,gcrew,noaa_gefs,20,WindSpeed_ms_mean,35,7.0066434777233235
gep21,00,2023-09-09,2023-09-09,gcrew,noaa_gefs,21,AirTemp_C_mean,0,24.57565133231029
gep21,00,2023-09-09,2023-09-09,gcrew,noaa_gefs,21,RH_percent_mean,0,81.28700474330357
gep21,00,2023-09-09,2023-09-09,gcrew,noaa_gefs,21,Rain_mm_sum,0,9.989999949932098
gep21,00,2023-09-09,2023-09-09,gcrew,noaa_gefs,21,ShortwaveRadiation_Wm2,0,208.42857142857142
gep21,00,2023-09-09,2023-09-09,gcrew,noaa_gefs,21,WindSpeed_ms_mean,0,2.244640159790602
gep21,00,2023-09-09,2023-09-10,gcrew,noaa_gefs,21,AirTemp_C_mean,1,23.364217376709007
gep21,00,2023-09-09,2023-09-10,gcrew,noaa_gefs,21,RH_percent_mean,1,79.58796691894531
gep21,00,2023-09-09,2023-09-10,gcrew,noaa_gefs,21,Rain_mm_sum,1,2.1700000278651714
gep21,00,2023-09-09,2023-09-10,gcrew,noaa_gefs,21,ShortwaveRadiation_Wm2,1,106
gep21,00,2023-09-09,2023-09-10,gcrew,noaa_gefs,21,WindSpeed_ms_mean,1,2.0001020501904465
gep21,00,2023-09-09,2023-09-11,gcrew,noaa_gefs,21,AirTemp_C_mean,2,23.99094161987307
gep21,00,2023-09-09,2023-09-11,gcrew,noaa_gefs,21,RH_percent_mean,2,76.6868748664856
gep21,00,2023-09-09,2023-09-11,gcrew,noaa_gefs,21,Rain_mm_sum,2,14.520000278949738
gep21,00,2023-09-09,2023-09-11,gcrew,noaa_gefs,21,ShortwaveRadiation_Wm2,2,236.125
gep21,00,2023-09-09,2023-09-11,gcrew,noaa_gefs,21,WindSpeed_ms_mean,2,1.2761169694246208
gep21,00,2023-09-09,2023-09-12,gcrew,noaa_gefs,21,AirTemp_C_mean,3,24.883412933349632
gep21,00,2023-09-09,2023-09-12,gcrew,noaa_gefs,21,RH_percent_mean,3,71.71621131896973
gep21,00,2023-09-09,2023-09-12,gcrew,noaa_gefs,21,Rain_mm_sum,3,5.510000050067902
gep21,00,2023-09-09,2023-09-12,gcrew,noaa_gefs,21,ShortwaveRadiation_Wm2,3,235.5
gep21,00,2023-09-09,2023-09-12,gcrew,noaa_gefs,21,WindSpeed_ms_mean,3,2.631870711383254
gep21,00,2023-09-09,2023-09-13,gcrew,noaa_gefs,21,AirTemp_C_mean,4,22.81793365478518
gep21,00,2023-09-09,2023-09-13,gcrew,noaa_gefs,21,RH_percent_mean,4,73.45065355300903
gep21,00,2023-09-09,2023-09-13,gcrew,noaa_gefs,21,Rain_mm_sum,4,13.47999992966652
gep21,00,2023-09-09,2023-09-13,gcrew,noaa_gefs,21,ShortwaveRadiation_Wm2,4,134.25
gep21,00,2023-09-09,2023-09-13,gcrew,noaa_gefs,21,WindSpeed_ms_mean,4,3.913124752342366
gep21,00,2023-09-09,2023-09-14,gcrew,noaa_gefs,21,AirTemp_C_mean,5,21.205693817138695
gep21,00,2023-09-09,2023-09-14,gcrew,noaa_gefs,21,RH_percent_mean,5,50.70257902145386
gep21,00,2023-09-09,2023-09-14,gcrew,noaa_gefs,21,Rain_mm_sum,5,0.20000000298023224
gep21,00,2023-09-09,2023-09-14,gcrew,noaa_gefs,21,ShortwaveRadiation_Wm2,5,266.875
gep21,00,2023-09-09,2023-09-14,gcrew,noaa_gefs,21,WindSpeed_ms_mean,5,3.7478175500416757
gep21,00,2023-09-09,2023-09-15,gcrew,noaa_gefs,21,AirTemp_C_mean,6,20.683343505859398
gep21,00,2023-09-09,2023-09-15,gcrew,noaa_gefs,21,RH_percent_mean,6,51.90177011489868
gep21,00,2023-09-09,2023-09-15,gcrew,noaa_gefs,21,Rain_mm_sum,6,0
gep21,00,2023-09-09,2023-09-15,gcrew,noaa_gefs,21,ShortwaveRadiation_Wm2,6,267.125
gep21,00,2023-09-09,2023-09-15,gcrew,noaa_gefs,21,WindSpeed_ms_mean,6,4.967512346372693
gep21,00,2023-09-09,2023-09-16,gcrew,noaa_gefs,21,AirTemp_C_mean,7,21.02536544799807
gep21,00,2023-09-09,2023-09-16,gcrew,noaa_gefs,21,RH_percent_mean,7,53.187461853027344
gep21,00,2023-09-09,2023-09-16,gcrew,noaa_gefs,21,Rain_mm_sum,7,0
gep21,00,2023-09-09,2023-09-16,gcrew,noaa_gefs,21,ShortwaveRadiation_Wm2,7,267.25
gep21,00,2023-09-09,2023-09-16,gcrew,noaa_gefs,21,WindSpeed_ms_mean,7,4.777442492071275
gep21,00,2023-09-09,2023-09-17,gcrew,noaa_gefs,21,AirTemp_C_mean,8,21.546594238281273
gep21,00,2023-09-09,2023-09-17,gcrew,noaa_gefs,21,RH_percent_mean,8,53.33281660079956
gep21,00,2023-09-09,2023-09-17,gcrew,noaa_gefs,21,Rain_mm_sum,8,0
gep21,00,2023-09-09,2023-09-17,gcrew,noaa_gefs,21,ShortwaveRadiation_Wm2,8,259.625
gep21,00,2023-09-09,2023-09-17,gcrew,noaa_gefs,21,WindSpeed_ms_mean,8,1.228218844842356
gep21,00,2023-09-09,2023-09-18,gcrew,noaa_gefs,21,AirTemp_C_mean,9,22.745000457763695
gep21,00,2023-09-09,2023-09-18,gcrew,noaa_gefs,21,RH_percent_mean,9,58.80604076385498
gep21,00,2023-09-09,2023-09-18,gcrew,noaa_gefs,21,Rain_mm_sum,9,0.12000000104308128
gep21,00,2023-09-09,2023-09-18,gcrew,noaa_gefs,21,ShortwaveRadiation_Wm2,9,171.375
gep21,00,2023-09-09,2023-09-18,gcrew,noaa_gefs,21,WindSpeed_ms_mean,9,3.6700750408084533
gep21,00,2023-09-09,2023-09-19,gcrew,noaa_gefs,21,AirTemp_C_mean,10,21.85382232666018
gep21,00,2023-09-09,2023-09-19,gcrew,noaa_gefs,21,RH_percent_mean,10,51.910043716430664
gep21,00,2023-09-09,2023-09-19,gcrew,noaa_gefs,21,Rain_mm_sum,10,0
gep21,00,2023-09-09,2023-09-19,gcrew,noaa_gefs,21,ShortwaveRadiation_Wm2,10,222.75
gep21,00,2023-09-09,2023-09-19,gcrew,noaa_gefs,21,WindSpeed_ms_mean,10,4.17428520665981
gep21,00,2023-09-09,2023-09-20,gcrew,noaa_gefs,21,AirTemp_C_mean,11,20.50086364746096
gep21,00,2023-09-09,2023-09-20,gcrew,noaa_gefs,21,RH_percent_mean,11,56.514787673950195
gep21,00,2023-09-09,2023-09-20,gcrew,noaa_gefs,21,Rain_mm_sum,11,0
gep21,00,2023-09-09,2023-09-20,gcrew,noaa_gefs,21,ShortwaveRadiation_Wm2,11,223.75
gep21,00,2023-09-09,2023-09-20,gcrew,noaa_gefs,21,WindSpeed_ms_mean,11,3.8783071905583006
gep21,00,2023-09-09,2023-09-21,gcrew,noaa_gefs,21,AirTemp_C_mean,12,21.212396240234398
gep21,00,2023-09-09,2023-09-21,gcrew,noaa_gefs,21,RH_percent_mean,12,57.83141326904297
gep21,00,2023-09-09,2023-09-21,gcrew,noaa_gefs,21,Rain_mm_sum,12,0
gep21,00,2023-09-09,2023-09-21,gcrew,noaa_gefs,21,ShortwaveRadiation_Wm2,12,217.75
gep21,00,2023-09-09,2023-09-21,gcrew,noaa_gefs,21,WindSpeed_ms_mean,12,3.3514963749039914
gep21,00,2023-09-09,2023-09-22,gcrew,noaa_gefs,21,AirTemp_C_mean,13,23.03926239013674
gep21,00,2023-09-09,2023-09-22,gcrew,noaa_gefs,21,RH_percent_mean,13,61.35855007171631
gep21,00,2023-09-09,2023-09-22,gcrew,noaa_gefs,21,Rain_mm_sum,13,0
gep21,00,2023-09-09,2023-09-22,gcrew,noaa_gefs,21,ShortwaveRadiation_Wm2,13,219.75
gep21,00,2023-09-09,2023-09-22,gcrew,noaa_gefs,21,WindSpeed_ms_mean,13,1.8093905060696394
gep21,00,2023-09-09,2023-09-23,gcrew,noaa_gefs,21,AirTemp_C_mean,14,22.375588989257835
gep21,00,2023-09-09,2023-09-23,gcrew,noaa_gefs,21,RH_percent_mean,14,63.70778179168701
gep21,00,2023-09-09,2023-09-23,gcrew,noaa_gefs,21,Rain_mm_sum,14,0
gep21,00,2023-09-09,2023-09-23,gcrew,noaa_gefs,21,ShortwaveRadiation_Wm2,14,232
gep21,00,2023-09-09,2023-09-23,gcrew,noaa_gefs,21,WindSpeed_ms_mean,14,4.553198777918426
gep21,00,2023-09-09,2023-09-24,gcrew,noaa_gefs,21,AirTemp_C_mean,15,21.508035278320335
gep21,00,2023-09-09,2023-09-24,gcrew,noaa_gefs,21,RH_percent_mean,15,75.4688196182251
gep21,00,2023-09-09,2023-09-24,gcrew,noaa_gefs,21,Rain_mm_sum,15,0.20000000298023224
gep21,00,2023-09-09,2023-09-24,gcrew,noaa_gefs,21,ShortwaveRadiation_Wm2,15,161
gep21,00,2023-09-09,2023-09-24,gcrew,noaa_gefs,21,WindSpeed_ms_mean,15,5.2646868981549435
gep21,00,2023-09-09,2023-09-25,gcrew,noaa_gefs,21,AirTemp_C_mean,16,22.39338836669924
gep21,00,2023-09-09,2023-09-25,gcrew,noaa_gefs,21,RH_percent_mean,16,80.72414588928223
gep21,00,2023-09-09,2023-09-25,gcrew,noaa_gefs,21,Rain_mm_sum,16,0.700000025331974
gep21,00,2023-09-09,2023-09-25,gcrew,noaa_gefs,21,ShortwaveRadiation_Wm2,16,134.25
gep21,00,2023-09-09,2023-09-25,gcrew,noaa_gefs,21,WindSpeed_ms_mean,16,3.9959241047420417
gep21,00,2023-09-09,2023-09-26,gcrew,noaa_gefs,21,AirTemp_C_mean,17,21.122277832031273
gep21,00,2023-09-09,2023-09-26,gcrew,noaa_gefs,21,RH_percent_mean,17,91.78124618530273
gep21,00,2023-09-09,2023-09-26,gcrew,noaa_gefs,21,Rain_mm_sum,17,17.700000673532486
gep21,00,2023-09-09,2023-09-26,gcrew,noaa_gefs,21,ShortwaveRadiation_Wm2,17,71.75
gep21,00,2023-09-09,2023-09-26,gcrew,noaa_gefs,21,WindSpeed_ms_mean,17,4.524560070543811
gep21,00,2023-09-09,2023-09-27,gcrew,noaa_gefs,21,AirTemp_C_mean,18,21.53302917480471
gep21,00,2023-09-09,2023-09-27,gcrew,noaa_gefs,21,RH_percent_mean,18,94.12124061584473
gep21,00,2023-09-09,2023-09-27,gcrew,noaa_gefs,21,Rain_mm_sum,18,26.30000001192093
gep21,00,2023-09-09,2023-09-27,gcrew,noaa_gefs,21,ShortwaveRadiation_Wm2,18,45
gep21,00,2023-09-09,2023-09-27,gcrew,noaa_gefs,21,WindSpeed_ms_mean,18,3.4376454204120614
gep21,00,2023-09-09,2023-09-28,gcrew,noaa_gefs,21,AirTemp_C_mean,19,21.010675048828148
gep21,00,2023-09-09,2023-09-28,gcrew,noaa_gefs,21,RH_percent_mean,19,92.565582275390625
gep21,00,2023-09-09,2023-09-28,gcrew,noaa_gefs,21,Rain_mm_sum,19,16.90000021457672
gep21,00,2023-09-09,2023-09-28,gcrew,noaa_gefs,21,ShortwaveRadiation_Wm2,19,77
gep21,00,2023-09-09,2023-09-28,gcrew,noaa_gefs,21,WindSpeed_ms_mean,19,4.072877205063392
gep21,00,2023-09-09,2023-09-29,gcrew,noaa_gefs,21,AirTemp_C_mean,20,15.901658630371116
gep21,00,2023-09-09,2023-09-29,gcrew,noaa_gefs,21,RH_percent_mean,20,89.57869911193848
gep21,00,2023-09-09,2023-09-29,gcrew,noaa_gefs,21,Rain_mm_sum,20,13.20000046491623
gep21,00,2023-09-09,2023-09-29,gcrew,noaa_gefs,21,ShortwaveRadiation_Wm2,20,10
gep21,00,2023-09-09,2023-09-29,gcrew,noaa_gefs,21,WindSpeed_ms_mean,20,10.247166260311577
gep21,00,2023-09-09,2023-09-30,gcrew,noaa_gefs,21,AirTemp_C_mean,21,16.05395660400393
gep21,00,2023-09-09,2023-09-30,gcrew,noaa_gefs,21,RH_percent_mean,21,83.6533432006836
gep21,00,2023-09-09,2023-09-30,gcrew,noaa_gefs,21,Rain_mm_sum,21,2.200000062584877
gep21,00,2023-09-09,2023-09-30,gcrew,noaa_gefs,21,ShortwaveRadiation_Wm2,21,40.75
gep21,00,2023-09-09,2023-09-30,gcrew,noaa_gefs,21,WindSpeed_ms_mean,21,6.540632340833415
gep21,00,2023-09-09,2023-10-01,gcrew,noaa_gefs,21,AirTemp_C_mean,22,16.407647705078148
gep21,00,2023-09-09,2023-10-01,gcrew,noaa_gefs,21,RH_percent_mean,22,57.9601993560791
gep21,00,2023-09-09,2023-10-01,gcrew,noaa_gefs,21,Rain_mm_sum,22,0
gep21,00,2023-09-09,2023-10-01,gcrew,noaa_gefs,21,ShortwaveRadiation_Wm2,22,211.75
gep21,00,2023-09-09,2023-10-01,gcrew,noaa_gefs,21,WindSpeed_ms_mean,22,5.751839360697048
gep21,00,2023-09-09,2023-10-02,gcrew,noaa_gefs,21,AirTemp_C_mean,23,14.778672790527366
gep21,00,2023-09-09,2023-10-02,gcrew,noaa_gefs,21,RH_percent_mean,23,52.730899810791016
gep21,00,2023-09-09,2023-10-02,gcrew,noaa_gefs,21,Rain_mm_sum,23,0
gep21,00,2023-09-09,2023-10-02,gcrew,noaa_gefs,21,ShortwaveRadiation_Wm2,23,213
gep21,00,2023-09-09,2023-10-02,gcrew,noaa_gefs,21,WindSpeed_ms_mean,23,2.8789626857426764
gep21,00,2023-09-09,2023-10-03,gcrew,noaa_gefs,21,AirTemp_C_mean,24,19.176812744140648
gep21,00,2023-09-09,2023-10-03,gcrew,noaa_gefs,21,RH_percent_mean,24,79.48908996582031
gep21,00,2023-09-09,2023-10-03,gcrew,noaa_gefs,21,Rain_mm_sum,24,0
gep21,00,2023-09-09,2023-10-03,gcrew,noaa_gefs,21,ShortwaveRadiation_Wm2,24,204.5
gep21,00,2023-09-09,2023-10-03,gcrew,noaa_gefs,21,WindSpeed_ms_mean,24,2.91516139807672
gep21,00,2023-09-09,2023-10-04,gcrew,noaa_gefs,21,AirTemp_C_mean,25,22.34058532714846
gep21,00,2023-09-09,2023-10-04,gcrew,noaa_gefs,21,RH_percent_mean,25,75.36294078826904
gep21,00,2023-09-09,2023-10-04,gcrew,noaa_gefs,21,Rain_mm_sum,25,0
gep21,00,2023-09-09,2023-10-04,gcrew,noaa_gefs,21,ShortwaveRadiation_Wm2,25,210.75
gep21,00,2023-09-09,2023-10-04,gcrew,noaa_gefs,21,WindSpeed_ms_mean,25,2.9960568170531348
gep21,00,2023-09-09,2023-10-05,gcrew,noaa_gefs,21,AirTemp_C_mean,26,21.978173828125023
gep21,00,2023-09-09,2023-10-05,gcrew,noaa_gefs,21,RH_percent_mean,26,62.96555137634277
gep21,00,2023-09-09,2023-10-05,gcrew,noaa_gefs,21,Rain_mm_sum,26,0.30000000447034836
gep21,00,2023-09-09,2023-10-05,gcrew,noaa_gefs,21,ShortwaveRadiation_Wm2,26,181
gep21,00,2023-09-09,2023-10-05,gcrew,noaa_gefs,21,WindSpeed_ms_mean,26,5.094556622266271
gep21,00,2023-09-09,2023-10-06,gcrew,noaa_gefs,21,AirTemp_C_mean,27,17.76600799560549
gep21,00,2023-09-09,2023-10-06,gcrew,noaa_gefs,21,RH_percent_mean,27,66.44743537902832
gep21,00,2023-09-09,2023-10-06,gcrew,noaa_gefs,21,Rain_mm_sum,27,0
gep21,00,2023-09-09,2023-10-06,gcrew,noaa_gefs,21,ShortwaveRadiation_Wm2,27,141
gep21,00,2023-09-09,2023-10-06,gcrew,noaa_gefs,21,WindSpeed_ms_mean,27,4.729005513864134
gep21,00,2023-09-09,2023-10-07,gcrew,noaa_gefs,21,AirTemp_C_mean,28,16.294488525390648
gep21,00,2023-09-09,2023-10-07,gcrew,noaa_gefs,21,RH_percent_mean,28,53.386996269226074
gep21,00,2023-09-09,2023-10-07,gcrew,noaa_gefs,21,Rain_mm_sum,28,0
gep21,00,2023-09-09,2023-10-07,gcrew,noaa_gefs,21,ShortwaveRadiation_Wm2,28,189.75
gep21,00,2023-09-09,2023-10-07,gcrew,noaa_gefs,21,WindSpeed_ms_mean,28,3.770817246533188
gep21,00,2023-09-09,2023-10-08,gcrew,noaa_gefs,21,AirTemp_C_mean,29,16.038568115234398
gep21,00,2023-09-09,2023-10-08,gcrew,noaa_gefs,21,RH_percent_mean,29,62.47337341308594
gep21,00,2023-09-09,2023-10-08,gcrew,noaa_gefs,21,Rain_mm_sum,29,0
gep21,00,2023-09-09,2023-10-08,gcrew,noaa_gefs,21,ShortwaveRadiation_Wm2,29,182
gep21,00,2023-09-09,2023-10-08,gcrew,noaa_gefs,21,WindSpeed_ms_mean,29,4.436974656013027
gep21,00,2023-09-09,2023-10-09,gcrew,noaa_gefs,21,AirTemp_C_mean,30,18.04213104248049
gep21,00,2023-09-09,2023-10-09,gcrew,noaa_gefs,21,RH_percent_mean,30,64.63348579406738
gep21,00,2023-09-09,2023-10-09,gcrew,noaa_gefs,21,Rain_mm_sum,30,0.10000000149011612
gep21,00,2023-09-09,2023-10-09,gcrew,noaa_gefs,21,ShortwaveRadiation_Wm2,30,180.5
gep21,00,2023-09-09,2023-10-09,gcrew,noaa_gefs,21,WindSpeed_ms_mean,30,7.391516267652271
gep21,00,2023-09-09,2023-10-10,gcrew,noaa_gefs,21,AirTemp_C_mean,31,10.97205505371096
gep21,00,2023-09-09,2023-10-10,gcrew,noaa_gefs,21,RH_percent_mean,31,45.596985816955566
gep21,00,2023-09-09,2023-10-10,gcrew,noaa_gefs,21,Rain_mm_sum,31,0
gep21,00,2023-09-09,2023-10-10,gcrew,noaa_gefs,21,ShortwaveRadiation_Wm2,31,209.25
gep21,00,2023-09-09,2023-10-10,gcrew,noaa_gefs,21,WindSpeed_ms_mean,31,4.847591688904462
gep21,00,2023-09-09,2023-10-11,gcrew,noaa_gefs,21,AirTemp_C_mean,32,13.605989074707054
gep21,00,2023-09-09,2023-10-11,gcrew,noaa_gefs,21,RH_percent_mean,32,67.84227752685547
gep21,00,2023-09-09,2023-10-11,gcrew,noaa_gefs,21,Rain_mm_sum,32,0.10000000149011612
gep21,00,2023-09-09,2023-10-11,gcrew,noaa_gefs,21,ShortwaveRadiation_Wm2,32,119
gep21,00,2023-09-09,2023-10-11,gcrew,noaa_gefs,21,WindSpeed_ms_mean,32,4.346613717382562
gep21,00,2023-09-09,2023-10-12,gcrew,noaa_gefs,21,AirTemp_C_mean,33,20.219476318359398
gep21,00,2023-09-09,2023-10-12,gcrew,noaa_gefs,21,RH_percent_mean,33,86.41911506652832
gep21,00,2023-09-09,2023-10-12,gcrew,noaa_gefs,21,Rain_mm_sum,33,0.10000000149011612
gep21,00,2023-09-09,2023-10-12,gcrew,noaa_gefs,21,ShortwaveRadiation_Wm2,33,121
gep21,00,2023-09-09,2023-10-12,gcrew,noaa_gefs,21,WindSpeed_ms_mean,33,6.458461832002699
gep21,00,2023-09-09,2023-10-13,gcrew,noaa_gefs,21,AirTemp_C_mean,34,21.163812255859398
gep21,00,2023-09-09,2023-10-13,gcrew,noaa_gefs,21,RH_percent_mean,34,83.2275333404541
gep21,00,2023-09-09,2023-10-13,gcrew,noaa_gefs,21,Rain_mm_sum,34,26.900000289082527
gep21,00,2023-09-09,2023-10-13,gcrew,noaa_gefs,21,ShortwaveRadiation_Wm2,34,84.75
gep21,00,2023-09-09,2023-10-13,gcrew,noaa_gefs,21,WindSpeed_ms_mean,34,7.309394128531857
gep21,00,2023-09-09,2023-10-14,gcrew,noaa_gefs,21,AirTemp_C_mean,35,17.296502685546898
gep21,00,2023-09-09,2023-10-14,gcrew,noaa_gefs,21,RH_percent_mean,35,54.04242706298828
gep21,00,2023-09-09,2023-10-14,gcrew,noaa_gefs,21,Rain_mm_sum,35,0
gep21,00,2023-09-09,2023-10-14,gcrew,noaa_gefs,21,ShortwaveRadiation_Wm2,35,247
gep21,00,2023-09-09,2023-10-14,gcrew,noaa_gefs,21,WindSpeed_ms_mean,35,7.0066434777233235
gep22,00,2023-09-09,2023-09-09,gcrew,noaa_gefs,22,AirTemp_C_mean,0,24.57565133231029
gep22,00,2023-09-09,2023-09-09,gcrew,noaa_gefs,22,RH_percent_mean,0,81.28700474330357
gep22,00,2023-09-09,2023-09-09,gcrew,noaa_gefs,22,Rain_mm_sum,0,9.989999949932098
gep22,00,2023-09-09,2023-09-09,gcrew,noaa_gefs,22,ShortwaveRadiation_Wm2,0,208.42857142857142
gep22,00,2023-09-09,2023-09-09,gcrew,noaa_gefs,22,WindSpeed_ms_mean,0,2.244640159790602
gep22,00,2023-09-09,2023-09-10,gcrew,noaa_gefs,22,AirTemp_C_mean,1,23.364217376709007
gep22,00,2023-09-09,2023-09-10,gcrew,noaa_gefs,22,RH_percent_mean,1,79.58796691894531
gep22,00,2023-09-09,2023-09-10,gcrew,noaa_gefs,22,Rain_mm_sum,1,2.1700000278651714
gep22,00,2023-09-09,2023-09-10,gcrew,noaa_gefs,22,ShortwaveRadiation_Wm2,1,106
gep22,00,2023-09-09,2023-09-10,gcrew,noaa_gefs,22,WindSpeed_ms_mean,1,2.0001020501904465
gep22,00,2023-09-09,2023-09-11,gcrew,noaa_gefs,22,AirTemp_C_mean,2,23.99094161987307
gep22,00,2023-09-09,2023-09-11,gcrew,noaa_gefs,22,RH_percent_mean,2,76.6868748664856
gep22,00,2023-09-09,2023-09-11,gcrew,noaa_gefs,22,Rain_mm_sum,2,14.520000278949738
gep22,00,2023-09-09,2023-09-11,gcrew,noaa_gefs,22,ShortwaveRadiation_Wm2,2,236.125
gep22,00,2023-09-09,2023-09-11,gcrew,noaa_gefs,22,WindSpeed_ms_mean,2,1.2761169694246208
gep22,00,2023-09-09,2023-09-12,gcrew,noaa_gefs,22,AirTemp_C_mean,3,24.883412933349632
gep22,00,2023-09-09,2023-09-12,gcrew,noaa_gefs,22,RH_percent_mean,3,71.71621131896973
gep22,00,2023-09-09,2023-09-12,gcrew,noaa_gefs,22,Rain_mm_sum,3,5.510000050067902
gep22,00,2023-09-09,2023-09-12,gcrew,noaa_gefs,22,ShortwaveRadiation_Wm2,3,235.5
gep22,00,2023-09-09,2023-09-12,gcrew,noaa_gefs,22,WindSpeed_ms_mean,3,2.631870711383254
gep22,00,2023-09-09,2023-09-13,gcrew,noaa_gefs,22,AirTemp_C_mean,4,22.81793365478518
gep22,00,2023-09-09,2023-09-13,gcrew,noaa_gefs,22,RH_percent_mean,4,73.45065355300903
gep22,00,2023-09-09,2023-09-13,gcrew,noaa_gefs,22,Rain_mm_sum,4,13.47999992966652
gep22,00,2023-09-09,2023-09-13,gcrew,noaa_gefs,22,ShortwaveRadiation_Wm2,4,134.25
gep22,00,2023-09-09,2023-09-13,gcrew,noaa_gefs,22,WindSpeed_ms_mean,4,3.913124752342366
gep22,00,2023-09-09,2023-09-14,gcrew,noaa_gefs,22,AirTemp_C_mean,5,21.205693817138695
gep22,00,2023-09-09,2023-09-14,gcrew,noaa_gefs,22,RH_percent_mean,5,50.70257902145386
gep22,00,2023-09-09,2023-09-14,gcrew,noaa_gefs,22,Rain_mm_sum,5,0.20000000298023224
gep22,00,2023-09-09,2023-09-14,gcrew,noaa_gefs,22,ShortwaveRadiation_Wm2,5,266.875
gep22,00,2023-09-09,2023-09-14,gcrew,noaa_gefs,22,WindSpeed_ms_mean,5,3.7478175500416757
gep22,00,2023-09-09,2023-09-15,gcrew,noaa_gefs,22,AirTemp_C_mean,6,20.683343505859398
gep22,00,2023-09-09,2023-09-15,gcrew,noaa_gefs,22,RH_percent_mean,6,51.90177011489868
gep22,00,2023-09-09,2023-09-15,gcrew,noaa_gefs,22,Rain_mm_sum,6,0
gep22,00,2023-09-09,2023-09-15,gcrew,noaa_gefs,22,ShortwaveRadiation_Wm2,6,267.125
gep22,00,2023-09-09,2023-09-15,gcrew,noaa_gefs,22,WindSpeed_ms_mean,6,4.967512346372693
gep22,00,2023-09-09,2023-09-16,gcrew,noaa_gefs,22,AirTemp_C_mean,7,21.02536544799807
gep22,00,2023-09-09,2023-09-16,gcrew,noaa_gefs,22,RH_percent_mean,7,53.187461853027344
gep22,00,2023-09-09,2023-09-16,gcrew,noaa_gefs,22,Rain_mm_sum,7,0
gep22,00,2023-09-09,2023-09-16,gcrew,noaa_gefs,22,ShortwaveRadiation_Wm2,7,267.25
gep22,00,2023-09-09,2023-09-16,gcrew,noaa_gefs,22,WindSpeed_ms_mean,7,4.777442492071275
gep22,00,2023-09-09,2023-09-17,gcrew,noaa_gefs,22,AirTemp_C_mean,8,21.546594238281273
gep22,00,2023-09-09,2023-09-17,gcrew,noaa_gefs,22,RH_percent_mean,8,53.33281660079956
gep22,00,2023-09-09,2023-09-17,gcrew,noaa_gefs,22,Rain_mm_sum,8,0
gep22,00,2023-09-09,2023-09-17,gcrew,noaa_gefs,22,ShortwaveRadiation_Wm2,8,259.625
gep22,00,2023-09-09,2023-09-17,gcrew,noaa_gefs,22,WindSpeed_ms_mean,8,1.228218844842356
gep22,00,2023-09-09,2023-09-18,gcrew,noaa_gefs,22,AirTemp_C_mean,9,22.745000457763695
gep22,00,2023-09-09,2023-09-18,gcrew,noaa_gefs,22,RH_percent_mean,9,58.80604076385498
gep22,00,2023-09-09,2023-09-18,gcrew,noaa_gefs,22,Rain_mm_sum,9,0.12000000104308128
gep22,00,2023-09-09,2023-09-18,gcrew,noaa_gefs,22,ShortwaveRadiation_Wm2,9,171.375
gep22,00,2023-09-09,2023-09-18,gcrew,noaa_gefs,22,WindSpeed_ms_mean,9,3.6700750408084533
gep22,00,2023-09-09,2023-09-19,gcrew,noaa_gefs,22,AirTemp_C_mean,10,21.85382232666018
gep22,00,2023-09-09,2023-09-19,gcrew,noaa_gefs,22,RH_percent_mean,10,51.910043716430664
gep22,00,2023-09-09,2023-09-19,gcrew,noaa_gefs,22,Rain_mm_sum,10,0
gep22,00,2023-09-09,2023-09-19,gcrew,noaa_gefs,22,ShortwaveRadiation_Wm2,10,222.75
gep22,00,2023-09-09,2023-09-19,gcrew,noaa_gefs,22,WindSpeed_ms_mean,10,4.17428520665981
gep22,00,2023-09-09,2023-09-20,gcrew,noaa_gefs,22,AirTemp_C_mean,11,20.50086364746096
gep22,00,2023-09-09,2023-09-20,gcrew,noaa_gefs,22,RH_percent_mean,11,56.514787673950195
gep22,00,2023-09-09,2023-09-20,gcrew,noaa_gefs,22,Rain_mm_sum,11,0
gep22,00,2023-09-09,2023-09-20,gcrew,noaa_gefs,22,ShortwaveRadiation_Wm2,11,223.75
gep22,00,2023-09-09,2023-09-20,gcrew,noaa_gefs,22,WindSpeed_ms_mean,11,3.8783071905583006
gep22,00,2023-09-09,2023-09-21,gcrew,noaa_gefs,22,AirTemp_C_mean,12,21.212396240234398
gep22,00,2023-09-09,2023-09-21,gcrew,noaa_gefs,22,RH_percent_mean,12,57.83141326904297
gep22,00,2023-09-09,2023-09-21,gcrew,noaa_gefs,22,Rain_mm_sum,12,0
gep22,00,2023-09-09,2023-09-21,gcrew,noaa_gefs,22,ShortwaveRadiation_Wm2,12,217.75
gep22,00,2023-09-09,2023-09-21,gcrew,noaa_gefs,22,WindSpeed_ms_mean,12,3.3514963749039914
gep22,00,2023-09-09,2023-09-22,gcrew,noaa_gefs,22,AirTemp_C_mean,13,23.03926239013674
gep22,00,2023-09-09,2023-09-22,gcrew,noaa_gefs,22,RH_percent_mean,13,61.35855007171631
gep22,00,2023-09-09,2023-09-22,gcrew,noaa_gefs,22,Rain_mm_sum,13,0
gep22,00,2023-09-09,2023-09-22,gcrew,noaa_gefs,22,ShortwaveRadiation_Wm2,13,219.75
gep22,00,2023-09-09,2023-09-22,gcrew,noaa_gefs,22,WindSpeed_ms_mean,13,1.8093905060696394
gep22,00,2023-09-09,2023-09-23,gcrew,noaa_gefs,22,AirTemp_C_mean,14,22.375588989257835
gep22,00,2023-09-09,2023-09-23,gcrew,noaa_gefs,22,RH_percent_mean,14,63.70778179168701
gep22,00,2023-09-09,2023-09-23,gcrew,noaa_gefs,22,Rain_mm_sum,14,0
gep22,00,2023-09-09,2023-09-23,gcrew,noaa_gefs,22,ShortwaveRadiation_Wm2,14,232
gep22,00,2023-09-09,2023-09-23,gcrew,noaa_gefs,22,WindSpeed_ms_mean,14,4.553198777918426
gep22,00,2023-09-09,2023-09-24,gcrew,noaa_gefs,22,AirTemp_C_mean,15,21.508035278320335
gep22,00,2023-09-09,2023-09-24,gcrew,noaa_gefs,22,RH_percent_mean,15,75.4688196182251
gep22,00,2023-09-09,2023-09-24,gcrew,noaa_gefs,22,Rain_mm_sum,15,0.20000000298023224
gep22,00,2023-09-09,2023-09-24,gcrew,noaa_gefs,22,ShortwaveRadiation_Wm2,15,161
gep22,00,2023-09-09,2023-09-24,gcrew,noaa_gefs,22,WindSpeed_ms_mean,15,5.2646868981549435
gep22,00,2023-09-09,2023-09-25,gcrew,noaa_gefs,22,AirTemp_C_mean,16,22.39338836669924
gep22,00,2023-09-09,2023-09-25,gcrew,noaa_gefs,22,RH_percent_mean,16,80.72414588928223
gep22,00,2023-09-09,2023-09-25,gcrew,noaa_gefs,22,Rain_mm_sum,16,0.700000025331974
gep22,00,2023-09-09,2023-09-25,gcrew,noaa_gefs,22,ShortwaveRadiation_Wm2,16,134.25
gep22,00,2023-09-09,2023-09-25,gcrew,noaa_gefs,22,WindSpeed_ms_mean,16,3.9959241047420417
gep22,00,2023-09-09,2023-09-26,gcrew,noaa_gefs,22,AirTemp_C_mean,17,21.122277832031273
gep22,00,2023-09-09,2023-09-26,gcrew,noaa_gefs,22,RH_percent_mean,17,91.78124618530273
gep22,00,2023-09-09,2023-09-26,gcrew,noaa_gefs,22,Rain_mm_sum,17,17.700000673532486
gep22,00,2023-09-09,2023-09-26,gcrew,noaa_gefs,22,ShortwaveRadiation_Wm2,17,71.75
gep22,00,2023-09-09,2023-09-26,gcrew,noaa_gefs,22,WindSpeed_ms_mean,17,4.524560070543811
gep22,00,2023-09-09,2023-09-27,gcrew,noaa_gefs,22,AirTemp_C_mean,18,21.53302917480471
gep22,00,2023-09-09,2023-09-27,gcrew,noaa_gefs,22,RH_percent_mean,18,94.12124061584473
gep22,00,2023-09-09,2023-09-27,gcrew,noaa_gefs,22,Rain_mm_sum,18,26.30000001192093
gep22,00,2023-09-09,2023-09-27,gcrew,noaa_gefs,22,ShortwaveRadiation_Wm2,18,45
gep22,00,2023-09-09,2023-09-27,gcrew,noaa_gefs,22,WindSpeed_ms_mean,18,3.4376454204120614
gep22,00,2023-09-09,2023-09-28,gcrew,noaa_gefs,22,AirTemp_C_mean,19,21.010675048828148
gep22,00,2023-09-09,2023-09-28,gcrew,noaa_gefs,22,RH_percent_mean,19,92.565582275390625
gep22,00,2023-09-09,2023-09-28,gcrew,noaa_gefs,22,Rain_mm_sum,19,16.90000021457672
gep22,00,2023-09-09,2023-09-28,gcrew,noaa_gefs,22,ShortwaveRadiation_Wm2,19,77
gep22,00,2023-09-09,2023-09-28,gcrew,noaa_gefs,22,WindSpeed_ms_mean,19,4.072877205063392
gep22,00,2023-09-09,2023-09-29,gcrew,noaa_gefs,22,AirTemp_C_mean,20,15.901658630371116
gep22,00,2023-09-09,2023-09-29,gcrew,noaa_gefs,22,RH_percent_mean,20,89.57869911193848
gep22,00,2023-09-09,2023-09-29,gcrew,noaa_gefs,22,Rain_mm_sum,20,13.20000046491623
gep22,00,2023-09-09,2023-09-29,gcrew,noaa_gefs,22,ShortwaveRadiation_Wm2,20,10
gep22,00,2023-09-09,2023-09-29,gcrew,noaa_gefs,22,WindSpeed_ms_mean,20,10.247166260311577
gep22,00,2023-09-09,2023-09-30,gcrew,noaa_gefs,22,AirTemp_C_mean,21,16.05395660400393
gep22,00,2023-09-09,2023-09-30,gcrew,noaa_gefs,22,RH_percent_mean,21,83.6533432006836
gep22,00,2023-09-09,2023-09-30,gcrew,noaa_gefs,22,Rain_mm_sum,21,2.200000062584877
gep22,00,2023-09-09,2023-09-30,gcrew,noaa_gefs,22,ShortwaveRadiation_Wm2,21,40.75
gep22,00,2023-09-09,2023-09-30,gcrew,noaa_gefs,22,WindSpeed_ms_mean,21,6.540632340833415
gep22,00,2023-09-09,2023-10-01,gcrew,noaa_gefs,22,AirTemp_C_mean,22,16.407647705078148
gep22,00,2023-09-09,2023-10-01,gcrew,noaa_gefs,22,RH_percent_mean,22,57.9601993560791
gep22,00,2023-09-09,2023-10-01,gcrew,noaa_gefs,22,Rain_mm_sum,22,0
gep22,00,2023-09-09,2023-10-01,gcrew,noaa_gefs,22,ShortwaveRadiation_Wm2,22,211.75
gep22,00,2023-09-09,2023-10-01,gcrew,noaa_gefs,22,WindSpeed_ms_mean,22,5.751839360697048
gep22,00,2023-09-09,2023-10-02,gcrew,noaa_gefs,22,AirTemp_C_mean,23,14.778672790527366
gep22,00,2023-09-09,2023-10-02,gcrew,noaa_gefs,22,RH_percent_mean,23,52.730899810791016
gep22,00,2023-09-09,2023-10-02,gcrew,noaa_gefs,22,Rain_mm_sum,23,0
gep22,00,2023-09-09,2023-10-02,gcrew,noaa_gefs,22,ShortwaveRadiation_Wm2,23,213
gep22,00,2023-09-09,2023-10-02,gcrew,noaa_gefs,22,WindSpeed_ms_mean,23,2.8789626857426764
gep22,00,2023-09-09,2023-10-03,gcrew,noaa_gefs,22,AirTemp_C_mean,24,19.176812744140648
gep22,00,2023-09-09,2023-10-03,gcrew,noaa_gefs,22,RH_percent_mean,24,79.48908996582031
gep22,00,2023-09-09,2023-10-03,gcrew,noaa_gefs,22,Rain_mm_sum,24,0
gep22,00,2023-09-09,2023-10-03,gcrew,noaa_gefs,22,ShortwaveRadiation_Wm2,24,204.5
gep22,00,2023-09-09,2023-10-03,gcrew,noaa_gefs,22,WindSpeed_ms_mean,24,2.91516139807672
gep22,00,2023-09-09,2023-10-04,gcrew,noaa_gefs,22,AirTemp_C_mean,25,22.34058532714846
gep22,00,2023-09-09,2023-10-04,gcrew,noaa_gefs,22,RH_percent_mean,25,75.36294078826904
gep22,00,2023-09-09,2023-10-04,gcrew,noaa_gefs,22,Rain_mm_sum,25,0
gep22,00,2023-09-09,2023-10-04,gcrew,noaa_gefs,22,ShortwaveRadiation_Wm2,25,210.75
gep22,00,2023-09-09,2023-10-04,gcrew,noaa_gefs,22,WindSpeed_ms_mean,25,2.9960568170531348
gep22,00,2023-09-09,2023-10-05,gcrew,noaa_gefs,22,AirTemp_C_mean,26,21.978173828125023
gep22,00,2023-09-09,2023-10-05,gcrew,noaa_gefs,22,RH_percent_mean,26,62.96555137634277
gep22,00,2023-09-09,2023-10-05,gcrew,noaa_gefs,22,Rain_mm_sum,26,0.30000000447034836
gep22,00,2023-09-09,2023-10-05,gcrew,noaa_gefs,22,ShortwaveRadiation_Wm2,26,181
gep22,00,2023-09-09,2023-10-05,gcrew,noaa_gefs,22,WindSpeed_ms_mean,26,5.094556622266271
gep22,00,2023-09-09,2023-10-06,gcrew,noaa_gefs,22,AirTemp_C_mean,27,17.76600799560549
gep22,00,2023-09-09,2023-10-06,gcrew,noaa_gefs,22,RH_percent_mean,27,66.44743537902832
gep22,00,2023-09-09,2023-10-06,gcrew,noaa_gefs,22,Rain_mm_sum,27,0
gep22,00,2023-09-09,2023-10-06,gcrew,noaa_gefs,22,ShortwaveRadiation_Wm2,27,141
gep22,00,2023-09-09,2023-10-06,gcrew,noaa_gefs,22,WindSpeed_ms_mean,27,4.729005513864134
gep22,00,2023-09-09,2023-10-07,gcrew,noaa_gefs,22,AirTemp_C_mean,28,16.294488525390648
gep22,00,2023-09-09,2023-10-07,gcrew,noaa_gefs,22,RH_percent_mean,28,53.386996269226074
gep22,00,2023-09-09,2023-10-07,gcrew,noaa_gefs,22,Rain_mm_sum,28,0
gep22,00,2023-09-09,2023-10-07,gcrew,noaa_gefs,22,ShortwaveRadiation_Wm2,28,189.75
gep22,00,2023-09-09,2023-10-07,gcrew,noaa_gefs,22,WindSpeed_ms_mean,28,3.770817246533188
gep22,00,2023-09-09,2023-10-08,gcrew,noaa_gefs,22,AirTemp_C_mean,29,16.038568115234398
gep22,00,2023-09-09,2023-10-08,gcrew,noaa_gefs,22,RH_percent_mean,29,62.47337341308594
gep22,00,2023-09-09,2023-10-08,gcrew,noaa_gefs,22,Rain_mm_sum,29,0
gep22,00,2023-09-09,2023-10-08,gcrew,noaa_gefs,22,ShortwaveRadiation_Wm2,29,182
gep22,00,2023-09-09,2023-10-08,gcrew,noaa_gefs,22,WindSpeed_ms_mean,29,4.436974656013027
gep22,00,2023-09-09,2023-10-09,gcrew,noaa_gefs,22,AirTemp_C_mean,30,18.04213104248049
gep22,00,2023-09-09,2023-10-09,gcrew,noaa_gefs,22,RH_percent_mean,30,64.63348579406738
gep22,00,2023-09-09,2023-10-09,gcrew,noaa_gefs,22,Rain_mm_sum,30,0.10000000149011612
gep22,00,2023-09-09,2023-10-09,gcrew,noaa_gefs,22,ShortwaveRadiation_Wm2,30,180.5
gep22,00,2023-09-09,2023-10-09,gcrew,noaa_gefs,22,WindSpeed_ms_mean,30,7.391516267652271
gep22,00,2023-09-09,2023-10-10,gcrew,noaa_gefs,22,AirTemp_C_mean,31,10.97205505371096
gep22,00,2023-09-09,2023-10-10,gcrew,noaa_gefs,22,RH_percent_mean,31,45.596985816955566
gep22,00,2023-09-09,2023-10-10,gcrew,noaa_gefs,22,Rain_mm_sum,31,0
gep22,00,2023-09-09,2023-10-10,gcrew,noaa_gefs,22,ShortwaveRadiation_Wm2,31,209.25
gep22,00,2023-09-09,2023-10-10,gcrew,noaa_gefs,22,WindSpeed_ms_mean,31,4.847591688904462
gep22,00,2023-09-09,2023-10-11,gcrew,noaa_gefs,22,AirTemp_C_mean,32,13.605989074707054
gep22,00,2023-09-09,2023-10-11,gcrew,noaa_gefs,22,RH_percent_mean,32,67.84227752685547
gep22,00,2023-09-09,2023-10-11,gcrew,noaa_gefs,22,Rain_mm_sum,32,0.10000000149011612
gep22,00,2023-09-09,2023-10-11,gcrew,noaa_gefs,22,ShortwaveRadiation_Wm2,32,119
gep22,00,2023-09-09,2023-10-11,gcrew,noaa_gefs,22,WindSpeed_ms_mean,32,4.346613717382562
gep22,00,2023-09-09,2023-10-12,gcrew,noaa_gefs,22,AirTemp_C_mean,33,20.219476318359398
gep22,00,2023-09-09,2023-10-12,gcrew,noaa_gefs,22,RH_percent_mean,33,86.41911506652832
gep22,00,2023-09-09,2023-10-12,gcrew,noaa_gefs,22,Rain_mm_sum,33,0.10000000149011612
gep22,00,2023-09-09,2023-10-12,gcrew,noaa_gefs,22,ShortwaveRadiation_Wm2,33,121
gep22,00,2023-09-09,2023-10-12,gcrew,noaa_gefs,22,WindSpeed_ms_mean,33,6.458461832002699
gep22,00,2023-09-09,2023-10-13,gcrew,noaa_gefs,22,AirTemp_C_mean,34,21.163812255859398
gep22,00,2023-09-09,2023-10-13,gcrew,noaa_gefs,22,RH_percent_mean,34,83.2275333404541
gep22,00,2023-09-09,2023-10-13,gcrew,noaa_gefs,22,Rain_mm_sum,34,26.900000289082527
gep22,00,2023-09-09,2023-10-13,gcrew,noaa_gefs,22,ShortwaveRadiation_Wm2,34,84.75
gep22,00,2023-09-09,2023-10-13,gcrew,noaa_gefs,22,WindSpeed_ms_mean,34,7.309394128531857
gep22,00,2023-09-09,2023-10-14,gcrew,noaa_gefs,22,AirTemp_C_mean,35,17.296502685546898
gep22,00,2023-09-09,2023-10-14,gcrew,noaa_gefs,22,RH_percent_mean,35,54.04242706298828
gep22,00,2023-09-09,2023-10-14,gcrew,noaa_gefs,22,Rain_mm_sum,35,0
gep22,00,2023-09-09,2023-10-14,gcrew,noaa_gefs,22,ShortwaveRadiation_Wm2,35,247
gep22,00,2023-09-09,2023-10-14,gcrew,noaa_gefs,22,WindSpeed_ms_mean,35,7.0066434777233235
gep23,00,2023-09-09,2023-09-09,gcrew,noaa_gefs,23,AirTemp_C_mean,0,24.57565133231029
gep23,00,2023-09-09,2023-09-09,gcrew,noaa_gefs,23,RH_percent_mean,0,81.28700474330357
gep23,00,2023-09-09,2023-09-09,gcrew,noaa_gefs,23,Rain_mm_sum,0,9.989999949932098
gep23,00,2023-09-09,2023-09-09,gcrew,noaa_gefs,23,ShortwaveRadiation_Wm2,0,208.42857142857142
gep23,00,2023-09-09,2023-09-09,gcrew,noaa_gefs,23,WindSpeed_ms_mean,0,2.244640159790602
gep23,00,2023-09-09,2023-09-10,gcrew,noaa_gefs,23,AirTemp_C_mean,1,23.364217376709007
gep23,00,2023-09-09,2023-09-10,gcrew,noaa_gefs,23,RH_percent_mean,1,79.58796691894531
gep23,00,2023-09-09,2023-09-10,gcrew,noaa_gefs,23,Rain_mm_sum,1,2.1700000278651714
gep23,00,2023-09-09,2023-09-10,gcrew,noaa_gefs,23,ShortwaveRadiation_Wm2,1,106
gep23,00,2023-09-09,2023-09-10,gcrew,noaa_gefs,23,WindSpeed_ms_mean,1,2.0001020501904465
gep23,00,2023-09-09,2023-09-11,gcrew,noaa_gefs,23,AirTemp_C_mean,2,23.99094161987307
gep23,00,2023-09-09,2023-09-11,gcrew,noaa_gefs,23,RH_percent_mean,2,76.6868748664856
gep23,00,2023-09-09,2023-09-11,gcrew,noaa_gefs,23,Rain_mm_sum,2,14.520000278949738
gep23,00,2023-09-09,2023-09-11,gcrew,noaa_gefs,23,ShortwaveRadiation_Wm2,2,236.125
gep23,00,2023-09-09,2023-09-11,gcrew,noaa_gefs,23,WindSpeed_ms_mean,2,1.2761169694246208
gep23,00,2023-09-09,2023-09-12,gcrew,noaa_gefs,23,AirTemp_C_mean,3,24.883412933349632
gep23,00,2023-09-09,2023-09-12,gcrew,noaa_gefs,23,RH_percent_mean,3,71.71621131896973
gep23,00,2023-09-09,2023-09-12,gcrew,noaa_gefs,23,Rain_mm_sum,3,5.510000050067902
gep23,00,2023-09-09,2023-09-12,gcrew,noaa_gefs,23,ShortwaveRadiation_Wm2,3,235.5
gep23,00,2023-09-09,2023-09-12,gcrew,noaa_gefs,23,WindSpeed_ms_mean,3,2.631870711383254
gep23,00,2023-09-09,2023-09-13,gcrew,noaa_gefs,23,AirTemp_C_mean,4,22.81793365478518
gep23,00,2023-09-09,2023-09-13,gcrew,noaa_gefs,23,RH_percent_mean,4,73.45065355300903
gep23,00,2023-09-09,2023-09-13,gcrew,noaa_gefs,23,Rain_mm_sum,4,13.47999992966652
gep23,00,2023-09-09,2023-09-13,gcrew,noaa_gefs,23,ShortwaveRadiation_Wm2,4,134.25
gep23,00,2023-09-09,2023-09-13,gcrew,noaa_gefs,23,WindSpeed_ms_mean,4,3.913124752342366
gep23,00,2023-09-09,2023-09-14,gcrew,noaa_gefs,23,AirTemp_C_mean,5,21.205693817138695
gep23,00,2023-09-09,2023-09-14,gcrew,noaa_gefs,23,RH_percent_mean,5,50.70257902145386
gep23,00,2023-09-09,2023-09-14,gcrew,noaa_gefs,23,Rain_mm_sum,5,0.20000000298023224
gep23,00,2023-09-09,2023-09-14,gcrew,noaa_gefs,23,ShortwaveRadiation_Wm2,5,266.875
gep23,00,2023-09-09,2023-09-14,gcrew,noaa_gefs,23,WindSpeed_ms_mean,5,3.7478175500416757
gep23,00,2023-09-09,2023-09-15,gcrew,noaa_gefs,23,AirTemp_C_mean,6,20.683343505859398
gep23,00,2023-09-09,2023-09-15,gcrew,noaa_gefs,23,RH_percent_mean,6,51.90177011489868
gep23,00,2023-09-09,2023-09-15,gcrew,noaa_gefs,23,Rain_mm_sum,6,0
gep23,00,2023-09-09,2023-09-15,gcrew,noaa_gefs,23,ShortwaveRadiation_Wm2,6,267.125
gep23,00,2023-09-09,2023-09-15,gcrew,noaa_gefs,23,WindSpeed_ms_mean,6,4.967512346372693
gep23,00,2023-09-09,2023-09-16,gcrew,noaa_gefs,23,AirTemp_C_mean,7,21.02536544799807
gep23,00,2023-09-09,2023-09-16,gcrew,noaa_gefs,23,RH_percent_mean,7,53.187461853027344
gep23,00,2023-09-09,2023-09-16,gcrew,noaa_gefs,23,Rain_mm_sum,7,0
gep23,00,2023-09-09,2023-09-16,gcrew,noaa_gefs,23,ShortwaveRadiation_Wm2,7,267.25
gep23,00,2023-09-09,2023-09-16,gcrew,noaa_gefs,23,WindSpeed_ms_mean,7,4.777442492071275
gep23,00,2023-09-09,2023-09-17,gcrew,noaa_gefs,23,AirTemp_C_mean,8,21.546594238281273
gep23,00,2023-09-09,2023-09-17,gcrew,noaa_gefs,23,RH_percent_mean,8,53.33281660079956
gep23,00,2023-09-09,2023-09-17,gcrew,noaa_gefs,23,Rain_mm_sum,8,0
gep23,00,2023-09-09,2023-09-17,gcrew,noaa_gefs,23,ShortwaveRadiation_Wm2,8,259.625
gep23,00,2023-09-09,2023-09-17,gcrew,noaa_gefs,23,WindSpeed_ms_mean,8,1.228218844842356
gep23,00,2023-09-09,2023-09-18,gcrew,noaa_gefs,23,AirTemp_C_mean,9,22.745000457763695
gep23,00,2023-09-09,2023-09-18,gcrew,noaa_gefs,23,RH_percent_mean,9,58.80604076385498
gep23,00,2023-09-09,2023-09-18,gcrew,noaa_gefs,23,Rain_mm_sum,9,0.12000000104308128
gep23,00,2023-09-09,2023-09-18,gcrew,noaa_gefs,23,ShortwaveRadiation_Wm2,9,171.375
gep23,00,2023-09-09,2023-09-18,gcrew,noaa_gefs,23,WindSpeed_ms_mean,9,3.6700750408084533
gep23,00,2023-09-09,2023-09-19,gcrew,noaa_gefs,23,AirTemp_C_mean,10,21.85382232666018
gep23,00,2023-09-09,2023-09-19,gcrew,noaa_gefs,23,RH_percent_mean,10,51.910043716430664
gep23,00,2023-09-09,2023-09-19,gcrew,noaa_gefs,23,Rain_mm_sum,10,0
gep23,00,2023-09-09,2023-09-19,gcrew,noaa_gefs,23,ShortwaveRadiation_Wm2,10,222.75
gep23,00,2023-09-09,2023-09-19,gcrew,noaa_gefs,23,WindSpeed_ms_mean,10,4.17428520665981
gep23,00,2023-09-09,2023-09-20,gcrew,noaa_gefs,23,AirTemp_C_mean,11,20.50086364746096
gep23,00,2023-09-09,2023-09-20,gcrew,noaa_gefs,23,RH_percent_mean,11,56.514787673950195
gep23,00,2023-09-09,2023-09-20,gcrew,noaa_gefs,23,Rain_mm_sum,11,0
gep23,00,2023-09-09,2023-09-20,gcrew,noaa_gefs,23,ShortwaveRadiation_Wm2,11,223.75
gep23,00,2023-09-09,2023-09-20,gcrew,noaa_gefs,23,WindSpeed_ms_mean,11,3.8783071905583006
gep23,00,2023-09-09,2023-09-21,gcrew,noaa_gefs,23,AirTemp_C_mean,12,21.212396240234398
gep23,00,2023-09-09,2023-09-21,gcrew,noaa_gefs,23,RH_percent_mean,12,57.83141326904297
gep23,00,2023-09-09,2023-09-21,gcrew,noaa_gefs,23,Rain_mm_sum,12,0
gep23,00,2023-09-09,2023-09-21,gcrew,noaa_gefs,23,ShortwaveRadiation_Wm2,12,217.75
gep23,00,2023-09-09,2023-09-21,gcrew,noaa_gefs,23,WindSpeed_ms_mean,12,3.3514963749039914
gep23,00,2023-09-09,2023-09-22,gcrew,noaa_gefs,23,AirTemp_C_mean,13,23.03926239013674
gep23,00,2023-09-09,2023-09-22,gcrew,noaa_gefs,23,RH_percent_mean,13,61.35855007171631
gep23,00,2023-09-09,2023-09-22,gcrew,noaa_gefs,23,Rain_mm_sum,13,0
gep23,00,2023-09-09,2023-09-22,gcrew,noaa_gefs,23,ShortwaveRadiation_Wm2,13,219.75
gep23,00,2023-09-09,2023-09-22,gcrew,noaa_gefs,23,WindSpeed_ms_mean,13,1.8093905060696394
gep23,00,2023-09-09,2023-09-23,gcrew,noaa_gefs,23,AirTemp_C_mean,14,22.375588989257835
gep23,00,2023-09-09,2023-09-23,gcrew,noaa_gefs,23,RH_percent_mean,14,63.70778179168701
gep23,00,2023-09-09,2023-09-23,gcrew,noaa_gefs,23,Rain_mm_sum,14,0
gep23,00,2023-09-09,2023-09-23,gcrew,noaa_gefs,23,ShortwaveRadiation_Wm2,14,232
gep23,00,2023-09-09,2023-09-23,gcrew,noaa_gefs,23,WindSpeed_ms_mean,14,4.553198777918426
gep23,00,2023-09-09,2023-09-24,gcrew,noaa_gefs,23,AirTemp_C_mean,15,21.508035278320335
gep23,00,2023-09-09,2023-09-24,gcrew,noaa_gefs,23,RH_percent_mean,15,75.4688196182251
gep23,00,2023-09-09,2023-09-24,gcrew,noaa_gefs,23,Rain_mm_sum,15,0.20000000298023224
gep23,00,2023-09-09,2023-09-24,gcrew,noaa_gefs,23,ShortwaveRadiation_Wm2,15,161
gep23,00,2023-09-09,2023-09-24,gcrew,noaa_gefs,23,WindSpeed_ms_mean,15,5.2646868981549435
gep23,00,2023-09-09,2023-09-25,gcrew,noaa_gefs,23,AirTemp_C_mean,16,22.39338836669924
gep23,00,2023-09-09,2023-09-25,gcrew,noaa_gefs,23,RH_percent_mean,16,80.72414588928223
gep23,00,2023-09-09,2023-09-25,gcrew,noaa_gefs,23,Rain_mm_sum,16,0.700000025331974
gep23,00,2023-09-09,2023-09-25,gcrew,noaa_gefs,23,ShortwaveRadiation_Wm2,16,134.25
gep23,00,2023-09-09,2023-09-25,gcrew,noaa_gefs,23,WindSpeed_ms_mean,16,3.9959241047420417
gep23,00,2023-09-09,2023-09-26,gcrew,noaa_gefs,23,AirTemp_C_mean,17,21.122277832031273
gep23,00,2023-09-09,2023-09-26,gcrew,noaa_gefs,23,RH_percent_mean,17,91.78124618530273
gep23,00,2023-09-09,2023-09-26,gcrew,noaa_gefs,23,Rain_mm_sum,17,17.700000673532486
gep23,00,2023-09-09,2023-09-26,gcrew,noaa_gefs,23,ShortwaveRadiation_Wm2,17,71.75
gep23,00,2023-09-09,2023-09-26,gcrew,noaa_gefs,23,WindSpeed_ms_mean,17,4.524560070543811
gep23,00,2023-09-09,2023-09-27,gcrew,noaa_gefs,23,AirTemp_C_mean,18,21.53302917480471
gep23,00,2023-09-09,2023-09-27,gcrew,noaa_gefs,23,RH_percent_mean,18,94.12124061584473
gep23,00,2023-09-09,2023-09-27,gcrew,noaa_gefs,23,Rain_mm_sum,18,26.30000001192093
gep23,00,2023-09-09,2023-09-27,gcrew,noaa_gefs,23,ShortwaveRadiation_Wm2,18,45
gep23,00,2023-09-09,2023-09-27,gcrew,noaa_gefs,23,WindSpeed_ms_mean,18,3.4376454204120614
gep23,00,2023-09-09,2023-09-28,gcrew,noaa_gefs,23,AirTemp_C_mean,19,21.010675048828148
gep23,00,2023-09-09,2023-09-28,gcrew,noaa_gefs,23,RH_percent_mean,19,92.565582275390625
gep23,00,2023-09-09,2023-09-28,gcrew,noaa_gefs,23,Rain_mm_sum,19,16.90000021457672
gep23,00,2023-09-09,2023-09-28,gcrew,noaa_gefs,23,ShortwaveRadiation_Wm2,19,77
gep23,00,2023-09-09,2023-09-28,gcrew,noaa_gefs,23,WindSpeed_ms_mean,19,4.072877205063392
gep23,00,2023-09-09,2023-09-29,gcrew,noaa_gefs,23,AirTemp_C_mean,20,15.901658630371116
gep23,00,2023-09-09,2023-09-29,gcrew,noaa_gefs,23,RH_percent_mean,20,89.57869911193848
gep23,00,2023-09-09,2023-09-29,gcrew,noaa_gefs,23,Rain_mm_sum,20,13.20000046491623
gep23,00,2023-09-09,2023-09-29,gcrew,noaa_gefs,23,ShortwaveRadiation_Wm2,20,10
gep23,00,2023-09-09,2023-09-29,gcrew,noaa_gefs,23,WindSpeed_ms_mean,20,10.247166260311577
gep23,00,2023-09-09,2023-09-30,gcrew,noaa_gefs,23,AirTemp_C_mean,21,16.05395660400393
gep23,00,2023-09-09,2023-09-30,gcrew,noaa_gefs,23,RH_percent_mean,21,83.6533432006836
gep23,00,2023-09-09,2023-09-30,gcrew,noaa_gefs,23,Rain_mm_sum,21,2.200000062584877
gep23,00,2023-09-09,2023-09-30,gcrew,noaa_gefs,23,ShortwaveRadiation_Wm2,21,40.75
gep23,00,2023-09-09,2023-09-30,gcrew,noaa_gefs,23,WindSpeed_ms_mean,21,6.540632340833415
gep23,00,2023-09-09,2023-10-01,gcrew,noaa_gefs,23,AirTemp_C_mean,22,16.407647705078148
gep23,00,2023-09-09,2023-10-01,gcrew,noaa_gefs,23,RH_percent_mean,22,57.9601993560791
gep23,00,2023-09-09,2023-10-01,gcrew,noaa_gefs,23,Rain_mm_sum,22,0
gep23,00,2023-09-09,2023-10-01,gcrew,noaa_gefs,23,ShortwaveRadiation_Wm2,22,211.75
gep23,00,2023-09-09,2023-10-01,gcrew,noaa_gefs,23,WindSpeed_ms_mean,22,5.751839360697048
gep23,00,2023-09-09,2023-10-02,gcrew,noaa_gefs,23,AirTemp_C_mean,23,14.778672790527366
gep23,00,2023-09-09,2023-10-02,gcrew,noaa_gefs,23,RH_percent_mean,23,52.730899810791016
gep23,00,2023-09-09,2023-10-02,gcrew,noaa_gefs,23,Rain_mm_sum,23,0
gep23,00,2023-09-09,2023-10-02,gcrew,noaa_gefs,23,ShortwaveRadiation_Wm2,23,213
gep23,00,2023-09-09,2023-10-02,gcrew,noaa_gefs,23,WindSpeed_ms_mean,23,2.8789626857426764
gep23,00,2023-09-09,2023-10-03,gcrew,noaa_gefs,23,AirTemp_C_mean,24,19.176812744140648
gep23,00,2023-09-09,2023-10-03,gcrew,noaa_gefs,23,RH_percent_mean,24,79.48908996582031
gep23,00,2023-09-09,2023-10-03,gcrew,noaa_gefs,23,Rain_mm_sum,24,0
gep23,00,2023-09-09,2023-10-03,gcrew,noaa_gefs,23,ShortwaveRadiation_Wm2,24,204.5
gep23,00,2023-09-09,2023-10-03,gcrew,noaa_gefs,23,WindSpeed_ms_mean,24,2.91516139807672
gep23,00,2023-09-09,2023-10-04,gcrew,noaa_gefs,23,AirTemp_C_mean,25,22.34058532714846
gep23,00,2023-09-09,2023-10-04,gcrew,noaa_gefs,23,RH_percent_mean,25,75.36294078826904
gep23,00,2023-09-09,2023-10-04,gcrew,noaa_gefs,23,Rain_mm_sum,25,0
gep23,00,2023-09-09,2023-10-04,gcrew,noaa_gefs,23,ShortwaveRadiation_Wm2,25,210.75
gep23,00,2023-09-09,2023-10-04,gcrew,noaa_gefs,23,WindSpeed_ms_mean,25,2.9960568170531348
gep23,00,2023-09-09,2023-10-05,gcrew,noaa_gefs,23,AirTemp_C_mean,26,21.978173828125023
gep23,00,2023-09-09,2023-10-05,gcrew,noaa_gefs,23,RH_percent_mean,26,62.96555137634277
gep23,00,2023-09-09,2023-10-05,gcrew,noaa_gefs,23,Rain_mm_sum,26,0.30000000447034836
gep23,00,2023-09-09,2023-10-05,gcrew,noaa_gefs,23,ShortwaveRadiation_Wm2,26,181
gep23,00,2023-09-09,2023-10-05,gcrew,noaa_gefs,23,WindSpeed_ms_mean,26,5.094556622266271
gep23,00,2023-09-09,2023-10-06,gcrew,noaa_gefs,23,AirTemp_C_mean,27,17.76600799560549
gep23,00,2023-09-09,2023-10-06,gcrew,noaa_gefs,23,RH_percent_mean,27,66.44743537902832
gep23,00,2023-09-09,2023-10-06,gcrew,noaa_gefs,23,Rain_mm_sum,27,0
gep23,00,2023-09-09,2023-10-06,gcrew,noaa_gefs,23,ShortwaveRadiation_Wm2,27,141
gep23,00,2023-09-09,2023-10-06,gcrew,noaa_gefs,23,WindSpeed_ms_mean,27,4.729005513864134
gep23,00,2023-09-09,2023-10-07,gcrew,noaa_gefs,23,AirTemp_C_mean,28,16.294488525390648
gep23,00,2023-09-09,2023-10-07,gcrew,noaa_gefs,23,RH_percent_mean,28,53.386996269226074
gep23,00,2023-09-09,2023-10-07,gcrew,noaa_gefs,23,Rain_mm_sum,28,0
gep23,00,2023-09-09,2023-10-07,gcrew,noaa_gefs,23,ShortwaveRadiation_Wm2,28,189.75
gep23,00,2023-09-09,2023-10-07,gcrew,noaa_gefs,23,WindSpeed_ms_mean,28,3.770817246533188
gep23,00,2023-09-09,2023-10-08,gcrew,noaa_gefs,23,AirTemp_C_mean,29,16.038568115234398
gep23,00,2023-09-09,2023-10-08,gcrew,noaa_gefs,23,RH_percent_mean,29,62.47337341308594
gep23,00,2023-09-09,2023-10-08,gcrew,noaa_gefs,23,Rain_mm_sum,29,0
gep23,00,2023-09-09,2023-10-08,gcrew,noaa_gefs,23,ShortwaveRadiation_Wm2,29,182
gep23,00,2023-09-09,2023-10-08,gcrew,noaa_gefs,23,WindSpeed_ms_mean,29,4.436974656013027
gep23,00,2023-09-09,2023-10-09,gcrew,noaa_gefs,23,AirTemp_C_mean,30,18.04213104248049
gep23,00,2023-09-09,2023-10-09,gcrew,noaa_gefs,23,RH_percent_mean,30,64.63348579406738
gep23,00,2023-09-09,2023-10-09,gcrew,noaa_gefs,23,Rain_mm_sum,30,0.10000000149011612
gep23,00,2023-09-09,2023-10-09,gcrew,noaa_gefs,23,ShortwaveRadiation_Wm2,30,180.5
gep23,00,2023-09-09,2023-10-09,gcrew,noaa_gefs,23,WindSpeed_ms_mean,30,7.391516267652271
gep23,00,2023-09-09,2023-10-10,gcrew,noaa_gefs,23,AirTemp_C_mean,31,10.97205505371096
gep23,00,2023-09-09,2023-10-10,gcrew,noaa_gefs,23,RH_percent_mean,31,45.596985816955566
gep23,00,2023-09-09,2023-10-10,gcrew,noaa_gefs,23,Rain_mm_sum,31,0
gep23,00,2023-09-09,2023-10-10,gcrew,noaa_gefs,23,ShortwaveRadiation_Wm2,31,209.25
gep23,00,2023-09-09,2023-10-10,gcrew,noaa_gefs,23,WindSpeed_ms_mean,31,4.847591688904462
gep23,00,2023-09-09,2023-10-11,gcrew,noaa_gefs,23,AirTemp_C_mean,32,13.605989074707054
gep23,00,2023-09-09,2023-10-11,gcrew,noaa_gefs,23,RH_percent_mean,32,67.84227752685547
gep23,00,2023-09-09,2023-10-11,gcrew,noaa_gefs,23,Rain_mm_sum,32,0.10000000149011612
gep23,00,2023-09-09,2023-10-11,gcrew,noaa_gefs,23,ShortwaveRadiation_Wm2,32,119
gep23,00,2023-09-09,2023-10-11,gcrew,noaa_gefs,23,WindSpeed_ms_mean,32,4.346613717382562
gep23,00,2023-09-09,2023-10-12,gcrew,noaa_gefs,23,AirTemp_C_mean,33,20.219476318359398
gep23,00,2023-09-09,2023-10-12,gcrew,noaa_gefs,23,RH_percent_mean,33,86.41911506652832
gep23,00,2023-09-09,2023-10-12,gcrew,noaa_gefs,23,Rain_mm_sum,33,0.10000000149011612
gep23,00,2023-09-09,2023-10-12,gcrew,noaa_gefs,23,ShortwaveRadiation_Wm2,33,121
gep23,00,2023-09-09,2023-10-12,gcrew,noaa_gefs,23,WindSpeed_ms_mean,33,6.458461832002699
gep23,00,2023-09-09,2023-10-13,gcrew,noaa_gefs,23,AirTemp_C_mean,34,21.163812255859398
gep23,00,2023-09-09,2023-10-13,gcrew,noaa_gefs,23,RH_percent_mean,34,83.2275333404541
gep23,00,2023-09-09,2023-10-13,gcrew,noaa_gefs,23,Rain_mm_sum,34,26.900000289082527
gep23,00,2023-09-09,2023-10-13,gcrew,noaa_gefs,23,ShortwaveRadiation_Wm2,34,84.75
gep23,00,2023-09-09,2023-10-13,gcrew,noaa_gefs,23,WindSpeed_ms_mean,34,7.309394128531857
gep23,00,2023-09-09,2023-10-14,gcrew,noaa_gefs,23,AirTemp_C_mean,35,17.296502685546898
gep23,00,2023-09-09,2023-10-14,gcrew,noaa_gefs,23,RH_percent_mean,35,54.04242706298828
gep23,00,2023-09-09,2023-10-14,gcrew,noaa_gefs,23,Rain_mm_sum,35,0
gep23,00,2023-09-09,2023-10-14,gcrew,noaa_gefs,23,ShortwaveRadiation_Wm2,35,247
gep23,00,2023-09-09,2023-10-14,gcrew,noaa_gefs,23,WindSpeed_ms_mean,35,7.0066434777233235
gep24,00,2023-09-09,2023-09-09,gcrew,noaa_gefs,24,AirTemp_C_mean,0,24.57565133231029
gep24,00,2023-09-09,2023-09-09,gcrew,noaa_gefs,24,RH_percent_mean,0,81.28700474330357
gep24,00,2023-09-09,2023-09-09,gcrew,noaa_gefs,24,Rain_mm_sum,0,9.989999949932098
gep24,00,2023-09-09,2023-09-09,gcrew,noaa_gefs,24,ShortwaveRadiation_Wm2,0,208.42857142857142
gep24,00,2023-09-09,2023-09-09,gcrew,noaa_gefs,24,WindSpeed_ms_mean,0,2.244640159790602
gep24,00,2023-09-09,2023-09-10,gcrew,noaa_gefs,24,AirTemp_C_mean,1,23.364217376709007
gep24,00,2023-09-09,2023-09-10,gcrew,noaa_gefs,24,RH_percent_mean,1,79.58796691894531
gep24,00,2023-09-09,2023-09-10,gcrew,noaa_gefs,24,Rain_mm_sum,1,2.1700000278651714
gep24,00,2023-09-09,2023-09-10,gcrew,noaa_gefs,24,ShortwaveRadiation_Wm2,1,106
gep24,00,2023-09-09,2023-09-10,gcrew,noaa_gefs,24,WindSpeed_ms_mean,1,2.0001020501904465
gep24,00,2023-09-09,2023-09-11,gcrew,noaa_gefs,24,AirTemp_C_mean,2,23.99094161987307
gep24,00,2023-09-09,2023-09-11,gcrew,noaa_gefs,24,RH_percent_mean,2,76.6868748664856
gep24,00,2023-09-09,2023-09-11,gcrew,noaa_gefs,24,Rain_mm_sum,2,14.520000278949738
gep24,00,2023-09-09,2023-09-11,gcrew,noaa_gefs,24,ShortwaveRadiation_Wm2,2,236.125
gep24,00,2023-09-09,2023-09-11,gcrew,noaa_gefs,24,WindSpeed_ms_mean,2,1.2761169694246208
gep24,00,2023-09-09,2023-09-12,gcrew,noaa_gefs,24,AirTemp_C_mean,3,24.883412933349632
gep24,00,2023-09-09,2023-09-12,gcrew,noaa_gefs,24,RH_percent_mean,3,71.71621131896973
gep24,00,2023-09-09,2023-09-12,gcrew,noaa_gefs,24,Rain_mm_sum,3,5.510000050067902
gep24,00,2023-09-09,2023-09-12,gcrew,noaa_gefs,24,ShortwaveRadiation_Wm2,3,235.5
gep24,00,2023-09-09,2023-09-12,gcrew,noaa_gefs,24,WindSpeed_ms_mean,3,2.631870711383254
gep24,00,2023-09-09,2023-09-13,gcrew,noaa_gefs,24,AirTemp_C_mean,4,22.81793365478518
gep24,00,2023-09-09,2023-09-13,gcrew,noaa_gefs,24,RH_percent_mean,4,73.45065355300903
gep24,00,2023-09-09,2023-09-13,gcrew,noaa_gefs,24,Rain_mm_sum,4,13.47999992966652
gep24,00,2023-09-09,2023-09-13,gcrew,noaa_gefs,24,ShortwaveRadiation_Wm2,4,134.25
gep24,00,2023-09-09,2023-09-13,gcrew,noaa_gefs,24,WindSpeed_ms_mean,4,3.913124752342366
gep24,00,2023-09-09,2023-09-14,gcrew,noaa_gefs,24,AirTemp_C_mean,5,21.205693817138695
gep24,00,2023-09-09,2023-09-14,gcrew,noaa_gefs,24,RH_percent_mean,5,50.70257902145386
gep24,00,2023-09-09,2023-09-14,gcrew,noaa_gefs,24,Rain_mm_sum,5,0.20000000298023224
gep24,00,2023-09-09,2023-09-14,gcrew,noaa_gefs,24,ShortwaveRadiation_Wm2,5,266.875
gep24,00,2023-09-09,2023-09-14,gcrew,noaa_gefs,24,WindSpeed_ms_mean,5,3.7478175500416757
gep24,00,2023-09-09,2023-09-15,gcrew,noaa_gefs,24,AirTemp_C_mean,6,20.683343505859398
gep24,00,2023-09-09,2023-09-15,gcrew,noaa_gefs,24,RH_percent_mean,6,51.90177011489868
gep24,00,2023-09-09,2023-09-15,gcrew,noaa_gefs,24,Rain_mm_sum,6,0
gep24,00,2023-09-09,2023-09-15,gcrew,noaa_gefs,24,ShortwaveRadiation_Wm2,6,267.125
gep24,00,2023-09-09,2023-09-15,gcrew,noaa_gefs,24,WindSpeed_ms_mean,6,4.967512346372693
gep24,00,2023-09-09,2023-09-16,gcrew,noaa_gefs,24,AirTemp_C_mean,7,21.02536544799807
gep24,00,2023-09-09,2023-09-16,gcrew,noaa_gefs,24,RH_percent_mean,7,53.187461853027344
gep24,00,2023-09-09,2023-09-16,gcrew,noaa_gefs,24,Rain_mm_sum,7,0
gep24,00,2023-09-09,2023-09-16,gcrew,noaa_gefs,24,ShortwaveRadiation_Wm2,7,267.25
gep24,00,2023-09-09,2023-09-16,gcrew,noaa_gefs,24,WindSpeed_ms_mean,7,4.777442492071275
gep24,00,2023-09-09,2023-09-17,gcrew,noaa_gefs,24,AirTemp_C_mean,8,21.546594238281273
gep24,00,2023-09-09,2023-09-17,gcrew,noaa_gefs,24,RH_percent_mean,8,53.33281660079956
gep24,00,2023-09-09,2023-09-17,gcrew,noaa_gefs,24,Rain_mm_sum,8,0
gep24,00,2023-09-09,2023-09-17,gcrew,noaa_gefs,24,ShortwaveRadiation_Wm2,8,259.625
gep24,00,2023-09-09,2023-09-17,gcrew,noaa_gefs,24,WindSpeed_ms_mean,8,1.228218844842356
gep24,00,2023-09-09,2023-09-18,gcrew,noaa_gefs,24,AirTemp_C_mean,9,22.745000457763695
gep24,00,2023-09-09,2023-09-18,gcrew,noaa_gefs,24,RH_percent_mean,9,58.80604076385498
gep24,00,2023-09-09,2023-09-18,gcrew,noaa_gefs,24,Rain_mm_sum,9,0.12000000104308128
gep24,00,2023-09-09,2023-09-18,gcrew,noaa_gefs,24,ShortwaveRadiation_Wm2,9,171.375
gep24,00,2023-09-09,2023-09-18,gcrew,noaa_gefs,24,WindSpeed_ms_mean,9,3.6700750408084533
gep24,00,2023-09-09,2023-09-19,gcrew,noaa_gefs,24,AirTemp_C_mean,10,21.85382232666018
gep24,00,2023-09-09,2023-09-19,gcrew,noaa_gefs,24,RH_percent_mean,10,51.910043716430664
gep24,00,2023-09-09,2023-09-19,gcrew,noaa_gefs,24,Rain_mm_sum,10,0
gep24,00,2023-09-09,2023-09-19,gcrew,noaa_gefs,24,ShortwaveRadiation_Wm2,10,222.75
gep24,00,2023-09-09,2023-09-19,gcrew,noaa_gefs,24,WindSpeed_ms_mean,10,4.17428520665981
gep24,00,2023-09-09,2023-09-20,gcrew,noaa_gefs,24,AirTemp_C_mean,11,20.50086364746096
gep24,00,2023-09-09,2023-09-20,gcrew,noaa_gefs,24,RH_percent_mean,11,56.514787673950195
gep24,00,2023-09-09,2023-09-20,gcrew,noaa_gefs,24,Rain_mm_sum,11,0
gep24,00,2023-09-09,2023-09-20,gcrew,noaa_gefs,24,ShortwaveRadiation_Wm2,11,223.75
gep24,00,2023-09-09,2023-09-20,gcrew,noaa_gefs,24,WindSpeed_ms_mean,11,3.8783071905583006
gep24,00,2023-09-09,2023-09-21,gcrew,noaa_gefs,24,AirTemp_C_mean,12,21.212396240234398
gep24,00,2023-09-09,2023-09-21,gcrew,noaa_gefs,24,RH_percent_mean,12,57.83141326904297
gep24,00,2023-09-09,2023-09-21,gcrew,noaa_gefs,24,Rain_mm_sum,12,0
gep24,00,2023-09-09,2023-09-21,gcrew,noaa_gefs,24,ShortwaveRadiation_Wm2,12,217.75
gep24,00,2023-09-09,2023-09-21,gcrew,noaa_gefs,24,WindSpeed_ms_mean,12,3.3514963749039914
gep24,00,2023-09-09,2023-09-22,gcrew,noaa_gefs,24,AirTemp_C_mean,13,23.03926239013674
gep24,00,2023-09-09,2023-09-22,gcrew,noaa_gefs,24,RH_percent_mean,13,61.35855007171631
gep24,00,2023-09-09,2023-09-22,gcrew,noaa_gefs,24,Rain_mm_sum,13,0
gep24,00,2023-09-09,2023-09-22,gcrew,noaa_gefs,24,ShortwaveRadiation_Wm2,13,219.75
gep24,00,2023-09-09,2023-09-22,gcrew,noaa_gefs,24,WindSpeed_ms_mean,13,1.8093905060696394
gep24,00,2023-09-09,2023-09-23,gcrew,noaa_gefs,24,AirTemp_C_mean,14,22.375588989257835
gep24,00,2023-09-09,2023-09-23,gcrew,noaa_gefs,24,RH_percent_mean,14,63.70778179168701
gep24,00,2023-09-09,2023-09-23,gcrew,noaa_gefs,24,Rain_mm_sum,14,0
gep24,00,2023-09-09,2023-09-23,gcrew,noaa_gefs,24,ShortwaveRadiation_Wm2,14,232
gep24,00,2023-09-09,2023-09-23,gcrew,noaa_gefs,24,WindSpeed_ms_mean,14,4.553198777918426
gep24,00,2023-09-09,2023-09-24,gcrew,noaa_gefs,24,AirTemp_C_mean,15,21.508035278320335
gep24,00,2023-09-09,2023-09-24,gcrew,noaa_gefs,24,RH_percent_mean,15,75.4688196182251
gep24,00,2023-09-09,2023-09-24,gcrew,noaa_gefs,24,Rain_mm_sum,15,0.20000000298023224
gep24,00,2023-09-09,2023-09-24,gcrew,noaa_gefs,24,ShortwaveRadiation_Wm2,15,161
gep24,00,2023-09-09,2023-09-24,gcrew,noaa_gefs,24,WindSpeed_ms_mean,15,5.2646868981549435
gep24,00,2023-09-09,2023-09-25,gcrew,noaa_gefs,24,AirTemp_C_mean,16,22.39338836669924
gep24,00,2023-09-09,2023-09-25,gcrew,noaa_gefs,24,RH_percent_mean,16,80.72414588928223
gep24,00,2023-09-09,2023-09-25,gcrew,noaa_gefs,24,Rain_mm_sum,16,0.700000025331974
gep24,00,2023-09-09,2023-09-25,gcrew,noaa_gefs,24,ShortwaveRadiation_Wm2,16,134.25
gep24,00,2023-09-09,2023-09-25,gcrew,noaa_gefs,24,WindSpeed_ms_mean,16,3.9959241047420417
gep24,00,2023-09-09,2023-09-26,gcrew,noaa_gefs,24,AirTemp_C_mean,17,21.122277832031273
gep24,00,2023-09-09,2023-09-26,gcrew,noaa_gefs,24,RH_percent_mean,17,91.78124618530273
gep24,00,2023-09-09,2023-09-26,gcrew,noaa_gefs,24,Rain_mm_sum,17,17.700000673532486
gep24,00,2023-09-09,2023-09-26,gcrew,noaa_gefs,24,ShortwaveRadiation_Wm2,17,71.75
gep24,00,2023-09-09,2023-09-26,gcrew,noaa_gefs,24,WindSpeed_ms_mean,17,4.524560070543811
gep24,00,2023-09-09,2023-09-27,gcrew,noaa_gefs,24,AirTemp_C_mean,18,21.53302917480471
gep24,00,2023-09-09,2023-09-27,gcrew,noaa_gefs,24,RH_percent_mean,18,94.12124061584473
gep24,00,2023-09-09,2023-09-27,gcrew,noaa_gefs,24,Rain_mm_sum,18,26.30000001192093
gep24,00,2023-09-09,2023-09-27,gcrew,noaa_gefs,24,ShortwaveRadiation_Wm2,18,45
gep24,00,2023-09-09,2023-09-27,gcrew,noaa_gefs,24,WindSpeed_ms_mean,18,3.4376454204120614
gep24,00,2023-09-09,2023-09-28,gcrew,noaa_gefs,24,AirTemp_C_mean,19,21.010675048828148
gep24,00,2023-09-09,2023-09-28,gcrew,noaa_gefs,24,RH_percent_mean,19,92.565582275390625
gep24,00,2023-09-09,2023-09-28,gcrew,noaa_gefs,24,Rain_mm_sum,19,16.90000021457672
gep24,00,2023-09-09,2023-09-28,gcrew,noaa_gefs,24,ShortwaveRadiation_Wm2,19,77
gep24,00,2023-09-09,2023-09-28,gcrew,noaa_gefs,24,WindSpeed_ms_mean,19,4.072877205063392
gep24,00,2023-09-09,2023-09-29,gcrew,noaa_gefs,24,AirTemp_C_mean,20,15.901658630371116
gep24,00,2023-09-09,2023-09-29,gcrew,noaa_gefs,24,RH_percent_mean,20,89.57869911193848
gep24,00,2023-09-09,2023-09-29,gcrew,noaa_gefs,24,Rain_mm_sum,20,13.20000046491623
gep24,00,2023-09-09,2023-09-29,gcrew,noaa_gefs,24,ShortwaveRadiation_Wm2,20,10
gep24,00,2023-09-09,2023-09-29,gcrew,noaa_gefs,24,WindSpeed_ms_mean,20,10.247166260311577
gep24,00,2023-09-09,2023-09-30,gcrew,noaa_gefs,24,AirTemp_C_mean,21,16.05395660400393
gep24,00,2023-09-09,2023-09-30,gcrew,noaa_gefs,24,RH_percent_mean,21,83.6533432006836
gep24,00,2023-09-09,2023-09-30,gcrew,noaa_gefs,24,Rain_mm_sum,21,2.200000062584877
gep24,00,2023-09-09,2023-09-30,gcrew,noaa_gefs,24,ShortwaveRadiation_Wm2,21,40.75
gep24,00,2023-09-09,2023-09-30,gcrew,noaa_gefs,24,WindSpeed_ms_mean,21,6.540632340833415
gep24,00,2023-09-09,2023-10-01,gcrew,noaa_gefs,24,AirTemp_C_mean,22,16.407647705078148
gep24,00,2023-09-09,2023-10-01,gcrew,noaa_gefs,24,RH_percent_mean,22,57.9601993560791
gep24,00,2023-09-09,2023-10-01,gcrew,noaa_gefs,24,Rain_mm_sum,22,0
gep24,00,2023-09-09,2023-10-01,gcrew,noaa_gefs,24,ShortwaveRadiation_Wm2,22,211.75
gep24,00,2023-09-09,2023-10-01,gcrew,noaa_gefs,24,WindSpeed_ms_mean,22,5.751839360697048
gep24,00,2023-09-09,2023-10-02,gcrew,noaa_gefs,24,AirTemp_C_mean,23,14.778672790527366
gep24,00,2023-09-09,2023-10-02,gcrew,noaa_gefs,24,RH_percent_mean,23,52.730899810791016
gep24,00,2023-09-09,2023-10-02,gcrew,noaa_gefs,24,Rain_mm_sum,23,0
gep24,00,2023-09-09,2023-10-02,gcrew,noaa_gefs,24,ShortwaveRadiation_Wm2,23,213
gep24,00,2023-09-09,2023-10-02,gcrew,noaa_gefs,24,WindSpeed_ms_mean,23,2.8789626857426764
gep24,00,2023-09-09,2023-10-03,gcrew,noaa_gefs,24,AirTemp_C_mean,24,19.176812744140648
gep24,00,2023-09-09,2023-10-03,gcrew,noaa_gefs,24,RH_percent_mean,24,79.48908996582031
gep24,00,2023-09-09,2023-10-03,gcrew,noaa_gefs,24,Rain_mm_sum,24,0
gep24,00,2023-09-09,2023-10-03,gcrew,noaa_gefs,24,ShortwaveRadiation_Wm2,24,204.5
gep24,00,2023-09-09,2023-10-03,gcrew,noaa_gefs,24,WindSpeed_ms_mean,24,2.91516139807672
gep24,00,2023-09-09,2023-10-04,gcrew,noaa_gefs,24,AirTemp_C_mean,25,22.34058532714846
gep24,00,2023-09-09,2023-10-04,gcrew,noaa_gefs,24,RH_percent_mean,25,75.36294078826904
gep24,00,2023-09-09,2023-10-04,gcrew,noaa_gefs,24,Rain_mm_sum,25,0
gep24,00,2023-09-09,2023-10-04,gcrew,noaa_gefs,24,ShortwaveRadiation_Wm2,25,210.75
gep24,00,2023-09-09,2023-10-04,gcrew,noaa_gefs,24,WindSpeed_ms_mean,25,2.9960568170531348
gep24,00,2023-09-09,2023-10-05,gcrew,noaa_gefs,24,AirTemp_C_mean,26,21.978173828125023
gep24,00,2023-09-09,2023-10-05,gcrew,noaa_gefs,24,RH_percent_mean,26,62.96555137634277
gep24,00,2023-09-09,2023-10-05,gcrew,noaa_gefs,24,Rain_mm_sum,26,0.30000000447034836
gep24,00,2023-09-09,2023-10-05,gcrew,noaa_gefs,24,ShortwaveRadiation_Wm2,26,181
gep24,00,2023-09-09,2023-10-05,gcrew,noaa_gefs,24,WindSpeed_ms_mean,26,5.094556622266271
gep24,00,2023-09-09,2023-10-06,gcrew,noaa_gefs,24,AirTemp_C_mean,27,17.76600799560549
gep24,00,2023-09-09,2023-10-06,gcrew,noaa_gefs,24,RH_percent_mean,27,66.44743537902832
gep24,00,2023-09-09,2023-10-06,gcrew,noaa_gefs,24,Rain_mm_sum,27,0
gep24,00,2023-09-09,2023-10-06,gcrew,noaa_gefs,24,ShortwaveRadiation_Wm2,27,141
gep24,00,2023-09-09,2023-10-06,gcrew,noaa_gefs,24,WindSpeed_ms_mean,27,4.729005513864134
gep24,00,2023-09-09,2023-10-07,gcrew,noaa_gefs,24,AirTemp_C_mean,28,16.294488525390648
gep24,00,2023-09-09,2023-10-07,gcrew,noaa_gefs,24,RH_percent_mean,28,53.386996269226074
gep24,00,2023-09-09,2023-10-07,gcrew,noaa_gefs,24,Rain_mm_sum,28,0
gep24,00,2023-09-09,2023-10-07,gcrew,noaa_gefs,24,ShortwaveRadiation_Wm2,28,189.75
gep24,00,2023-09-09,2023-10-07,gcrew,noaa_gefs,24,WindSpeed_ms_mean,28,3.770817246533188
gep24,00,2023-09-09,2023-10-08,gcrew,noaa_gefs,24,AirTemp_C_mean,29,16.038568115234398
gep24,00,2023-09-09,2023-10-08,gcrew,noaa_gefs,24,RH_percent_mean,29,62.47337341308594
gep24,00,2023-09-09,2023-10-08,gcrew,noaa_gefs,24,Rain_mm_sum,29,0
gep24,00,2023-09-09,2023-10-08,gcrew,noaa_gefs,24,ShortwaveRadiation_Wm2,29,182
gep24,00,2023-09-09,2023-10-08,gcrew,noaa_gefs,24,WindSpeed_ms_mean,29,4.436974656013027
gep24,00,2023-09-09,2023-10-09,gcrew,noaa_gefs,24,AirTemp_C_mean,30,18.04213104248049
gep24,00,2023-09-09,2023-10-09,gcrew,noaa_gefs,24,RH_percent_mean,30,64.63348579406738
gep24,00,2023-09-09,2023-10-09,gcrew,noaa_gefs,24,Rain_mm_sum,30,0.10000000149011612
gep24,00,2023-09-09,2023-10-09,gcrew,noaa_gefs,24,ShortwaveRadiation_Wm2,30,180.5
gep24,00,2023-09-09,2023-10-09,gcrew,noaa_gefs,24,WindSpeed_ms_mean,30,7.391516267652271
gep24,00,2023-09-09,2023-10-10,gcrew,noaa_gefs,24,AirTemp_C_mean,31,10.97205505371096
gep24,00,2023-09-09,2023-10-10,gcrew,noaa_gefs,24,RH_percent_mean,31,45.596985816955566
gep24,00,2023-09-09,2023-10-10,gcrew,noaa_gefs,24,Rain_mm_sum,31,0
gep24,00,2023-09-09,2023-10-10,gcrew,noaa_gefs,24,ShortwaveRadiation_Wm2,31,209.25
gep24,00,2023-09-09,2023-10-10,gcrew,noaa_gefs,24,WindSpeed_ms_mean,31,4.847591688904462
gep24,00,2023-09-09,2023-10-11,gcrew,noaa_gefs,24,AirTemp_C_mean,32,13.605989074707054
gep24,00,2023-09-09,2023-10-11,gcrew,noaa_gefs,24,RH_percent_mean,32,67.84227752685547
gep24,00,2023-09-09,2023-10-11,gcrew,noaa_gefs,24,Rain_mm_sum,32,0.10000000149011612
gep24,00,2023-09-09,2023-10-11,gcrew,noaa_gefs,24,ShortwaveRadiation_Wm2,32,119
gep24,00,2023-09-09,2023-10-11,gcrew,noaa_gefs,24,WindSpeed_ms_mean,32,4.346613717382562
gep24,00,2023-09-09,2023-10-12,gcrew,noaa_gefs,24,AirTemp_C_mean,33,20.219476318359398
gep24,00,2023-09-09,2023-10-12,gcrew,noaa_gefs,24,RH_percent_mean,33,86.41911506652832
gep24,00,2023-09-09,2023-10-12,gcrew,noaa_gefs,24,Rain_mm_sum,33,0.10000000149011612
gep24,00,2023-09-09,2023-10-12,gcrew,noaa_gefs,24,ShortwaveRadiation_Wm2,33,121
gep24,00,2023-09-09,2023-10-12,gcrew,noaa_gefs,24,WindSpeed_ms_mean,33,6.458461832002699
gep24,00,2023-09-09,2023-10-13,gcrew,noaa_gefs,24,AirTemp_C_mean,34,21.163812255859398
gep24,00,2023-09-09,2023-10-13,gcrew,noaa_gefs,24,RH_percent_mean,34,83.2275333404541
gep24,00,2023-09-09,2023-10-13,gcrew,noaa_gefs,24,Rain_mm_sum,34,26.900000289082527
gep24,00,2023-09-09,2023-10-13,gcrew,noaa_gefs,24,ShortwaveRadiation_Wm2,34,84.75
gep24,00,2023-09-09,2023-10-13,gcrew,noaa_gefs,24,WindSpeed_ms_mean,34,7.309394128531857
gep24,00,2023-09-09,2023-10-14,gcrew,noaa_gefs,24,AirTemp_C_mean,35,17.296502685546898
gep24,00,2023-09-09,2023-10-14,gcrew,noaa_gefs,24,RH_percent_mean,35,54.04242706298828
gep24,00,2023-09-09,2023-10-14,gcrew,noaa_gefs,24,Rain_mm_sum,35,0
gep24,00,2023-09-09,2023-10-14,gcrew,noaa_gefs,24,ShortwaveRadiation_Wm2,35,247
gep24,00,2023-09-09,2023-10-14,gcrew,noaa_gefs,24,WindSpeed_ms_mean,35,7.0066434777233235
gep25,00,2023-09-09,2023-09-09,gcrew,noaa_gefs,25,AirTemp_C_mean,0,24.57565133231029
gep25,00,2023-09-09,2023-09-09,gcrew,noaa_gefs,25,RH_percent_mean,0,81.28700474330357
gep25,00,2023-09-09,2023-09-09,gcrew,noaa_gefs,25,Rain_mm_sum,0,9.989999949932098
gep25,00,2023-09-09,2023-09-09,gcrew,noaa_gefs,25,ShortwaveRadiation_Wm2,0,208.42857142857142
gep25,00,2023-09-09,2023-09-09,gcrew,noaa_gefs,25,WindSpeed_ms_mean,0,2.244640159790602
gep25,00,2023-09-09,2023-09-10,gcrew,noaa_gefs,25,AirTemp_C_mean,1,23.364217376709007
gep25,00,2023-09-09,2023-09-10,gcrew,noaa_gefs,25,RH_percent_mean,1,79.58796691894531
gep25,00,2023-09-09,2023-09-10,gcrew,noaa_gefs,25,Rain_mm_sum,1,2.1700000278651714
gep25,00,2023-09-09,2023-09-10,gcrew,noaa_gefs,25,ShortwaveRadiation_Wm2,1,106
gep25,00,2023-09-09,2023-09-10,gcrew,noaa_gefs,25,WindSpeed_ms_mean,1,2.0001020501904465
gep25,00,2023-09-09,2023-09-11,gcrew,noaa_gefs,25,AirTemp_C_mean,2,23.99094161987307
gep25,00,2023-09-09,2023-09-11,gcrew,noaa_gefs,25,RH_percent_mean,2,76.6868748664856
gep25,00,2023-09-09,2023-09-11,gcrew,noaa_gefs,25,Rain_mm_sum,2,14.520000278949738
gep25,00,2023-09-09,2023-09-11,gcrew,noaa_gefs,25,ShortwaveRadiation_Wm2,2,236.125
gep25,00,2023-09-09,2023-09-11,gcrew,noaa_gefs,25,WindSpeed_ms_mean,2,1.2761169694246208
gep25,00,2023-09-09,2023-09-12,gcrew,noaa_gefs,25,AirTemp_C_mean,3,24.883412933349632
gep25,00,2023-09-09,2023-09-12,gcrew,noaa_gefs,25,RH_percent_mean,3,71.71621131896973
gep25,00,2023-09-09,2023-09-12,gcrew,noaa_gefs,25,Rain_mm_sum,3,5.510000050067902
gep25,00,2023-09-09,2023-09-12,gcrew,noaa_gefs,25,ShortwaveRadiation_Wm2,3,235.5
gep25,00,2023-09-09,2023-09-12,gcrew,noaa_gefs,25,WindSpeed_ms_mean,3,2.631870711383254
gep25,00,2023-09-09,2023-09-13,gcrew,noaa_gefs,25,AirTemp_C_mean,4,22.81793365478518
gep25,00,2023-09-09,2023-09-13,gcrew,noaa_gefs,25,RH_percent_mean,4,73.45065355300903
gep25,00,2023-09-09,2023-09-13,gcrew,noaa_gefs,25,Rain_mm_sum,4,13.47999992966652
gep25,00,2023-09-09,2023-09-13,gcrew,noaa_gefs,25,ShortwaveRadiation_Wm2,4,134.25
gep25,00,2023-09-09,2023-09-13,gcrew,noaa_gefs,25,WindSpeed_ms_mean,4,3.913124752342366
gep25,00,2023-09-09,2023-09-14,gcrew,noaa_gefs,25,AirTemp_C_mean,5,21.205693817138695
gep25,00,2023-09-09,2023-09-14,gcrew,noaa_gefs,25,RH_percent_mean,5,50.70257902145386
gep25,00,2023-09-09,2023-09-14,gcrew,noaa_gefs,25,Rain_mm_sum,5,0.20000000298023224
gep25,00,2023-09-09,2023-09-14,gcrew,noaa_gefs,25,ShortwaveRadiation_Wm2,5,266.875
gep25,00,2023-09-09,2023-09-14,gcrew,noaa_gefs,25,WindSpeed_ms_mean,5,3.7478175500416757
gep25,00,2023-09-09,2023-09-15,gcrew,noaa_gefs,25,AirTemp_C_mean,6,20.683343505859398
gep25,00,2023-09-09,2023-09-15,gcrew,noaa_gefs,25,RH_percent_mean,6,51.90177011489868
gep25,00,2023-09-09,2023-09-15,gcrew,noaa_gefs,25,Rain_mm_sum,6,0
gep25,00,2023-09-09,2023-09-15,gcrew,noaa_gefs,25,ShortwaveRadiation_Wm2,6,267.125
gep25,00,2023-09-09,2023-09-15,gcrew,noaa_gefs,25,WindSpeed_ms_mean,6,4.967512346372693
gep25,00,2023-09-09,2023-09-16,gcrew,noaa_gefs,25,AirTemp_C_mean,7,21.02536544799807
gep25,00,2023-09-09,2023-09-16,gcrew,noaa_gefs,25,RH_percent_mean,7,53.187461853027344
gep25,00,2023-09-09,2023-09-16,gcrew,noaa_gefs,25,Rain_mm_sum,7,0
gep25,00,2023-09-09,2023-09-16,gcrew,noaa_gefs,25,ShortwaveRadiation_Wm2,7,267.25
gep25,00,2023-09-09,2023-09-16,gcrew,noaa_gefs,25,WindSpeed_ms_mean,7,4.777442492071275
gep25,00,2023-09-09,2023-09-17,gcrew,noaa_gefs,25,AirTemp_C_mean,8,21.546594238281273
gep25,00,2023-09-09,2023-09-17,gcrew,noaa_gefs,25,RH_percent_mean,8,53.33281660079956
gep25,00,2023-09-09,2023-09-17,gcrew,noaa_gefs,25,Rain_mm_sum,8,0
gep25,00,2023-09-09,2023-09-17,gcrew,noaa_gefs,25,ShortwaveRadiation_Wm2,8,259.625
gep25,00,2023-09-09,2023-09-17,gcrew,noaa_gefs,25,WindSpeed_ms_mean,8,1.228218844842356
gep25,00,2023-09-09,2023-09-18,gcrew,noaa_gefs,25,AirTemp_C_mean,9,22.745000457763695
gep25,00,2023-09-09,2023-09-18,gcrew,noaa_gefs,25,RH_percent_mean,9,58.80604076385498
gep25,00,2023-09-09,2023-09-18,gcrew,noaa_gefs,25,Rain_mm_sum,9,0.12000000104308128
gep25,00,2023-09-09,2023-09-18,gcrew,noaa_gefs,25,ShortwaveRadiation_Wm2,9,171.375
gep25,00,2023-09-09,2023-09-18,gcrew,noaa_gefs,25,WindSpeed_ms_mean,9,3.6700750408084533
gep25,00,2023-09-09,2023-09-19,gcrew,noaa_gefs,25,AirTemp_C_mean,10,21.85382232666018
gep25,00,2023-09-09,2023-09-19,gcrew,noaa_gefs,25,RH_percent_mean,10,51.910043716430664
gep25,00,2023-09-09,2023-09-19,gcrew,noaa_gefs,25,Rain_mm_sum,10,0
gep25,00,2023-09-09,2023-09-19,gcrew,noaa_gefs,25,ShortwaveRadiation_Wm2,10,222.75
gep25,00,2023-09-09,2023-09-19,gcrew,noaa_gefs,25,WindSpeed_ms_mean,10,4.17428520665981
gep25,00,2023-09-09,2023-09-20,gcrew,noaa_gefs,25,AirTemp_C_mean,11,20.50086364746096
gep25,00,2023-09-09,2023-09-20,gcrew,noaa_gefs,25,RH_percent_mean,11,56.514787673950195
gep25,00,2023-09-09,2023-09-20,gcrew,noaa_gefs,25,Rain_mm_sum,11,0
gep25,00,2023-09-09,2023-09-20,gcrew,noaa_gefs,25,ShortwaveRadiation_Wm2,11,223.75
gep25,00,2023-09-09,2023-09-20,gcrew,noaa_gefs,25,WindSpeed_ms_mean,11,3.8783071905583006
gep25,00,2023-09-09,2023-09-21,gcrew,noaa_gefs,25,AirTemp_C_mean,12,21.212396240234398
gep25,00,2023-09-09,2023-09-21,gcrew,noaa_gefs,25,RH_percent_mean,12,57.83141326904297
gep25,00,2023-09-09,2023-09-21,gcrew,noaa_gefs,25,Rain_mm_sum,12,0
gep25,00,2023-09-09,2023-09-21,gcrew,noaa_gefs,25,ShortwaveRadiation_Wm2,12,217.75
gep25,00,2023-09-09,2023-09-21,gcrew,noaa_gefs,25,WindSpeed_ms_mean,12,3.3514963749039914
gep25,00,2023-09-09,2023-09-22,gcrew,noaa_gefs,25,AirTemp_C_mean,13,23.03926239013674
gep25,00,2023-09-09,2023-09-22,gcrew,noaa_gefs,25,RH_percent_mean,13,61.35855007171631
gep25,00,2023-09-09,2023-09-22,gcrew,noaa_gefs,25,Rain_mm_sum,13,0
gep25,00,2023-09-09,2023-09-22,gcrew,noaa_gefs,25,ShortwaveRadiation_Wm2,13,219.75
gep25,00,2023-09-09,2023-09-22,gcrew,noaa_gefs,25,WindSpeed_ms_mean,13,1.8093905060696394
gep25,00,2023-09-09,2023-09-23,gcrew,noaa_gefs,25,AirTemp_C_mean,14,22.375588989257835
gep25,00,2023-09-09,2023-09-23,gcrew,noaa_gefs,25,RH_percent_mean,14,63.70778179168701
gep25,00,2023-09-09,2023-09-23,gcrew,noaa_gefs,25,Rain_mm_sum,14,0
gep25,00,2023-09-09,2023-09-23,gcrew,noaa_gefs,25,ShortwaveRadiation_Wm2,14,232
gep25,00,2023-09-09,2023-09-23,gcrew,noaa_gefs,25,WindSpeed_ms_mean,14,4.553198777918426
gep25,00,2023-09-09,2023-09-24,gcrew,noaa_gefs,25,AirTemp_C_mean,15,21.508035278320335
gep25,00,2023-09-09,2023-09-24,gcrew,noaa_gefs,25,RH_percent_mean,15,75.4688196182251
gep25,00,2023-09-09,2023-09-24,gcrew,noaa_gefs,25,Rain_mm_sum,15,0.20000000298023224
gep25,00,2023-09-09,2023-09-24,gcrew,noaa_gefs,25,ShortwaveRadiation_Wm2,15,161
gep25,00,2023-09-09,2023-09-24,gcrew,noaa_gefs,25,WindSpeed_ms_mean,15,5.2646868981549435
gep25,00,2023-09-09,2023-09-25,gcrew,noaa_gefs,25,AirTemp_C_mean,16,22.39338836669924
gep25,00,2023-09-09,2023-09-25,gcrew,noaa_gefs,25,RH_percent_mean,16,80.72414588928223
gep25,00,2023-09-09,2023-09-25,gcrew,noaa_gefs,25,Rain_mm_sum,16,0.700000025331974
gep25,00,2023-09-09,2023-09-25,gcrew,noaa_gefs,25,ShortwaveRadiation_Wm2,16,134.25
gep25,00,2023-09-09,2023-09-25,gcrew,noaa_gefs,25,WindSpeed_ms_mean,16,3.9959241047420417
gep25,00,2023-09-09,2023-09-26,gcrew,noaa_gefs,25,AirTemp_C_mean,17,21.122277832031273
gep25,00,2023-09-09,2023-09-26,gcrew,noaa_gefs,25,RH_percent_mean,17,91.78124618530273
gep25,00,2023-09-09,2023-09-26,gcrew,noaa_gefs,25,Rain_mm_sum,17,17.700000673532486
gep25,00,2023-09-09,2023-09-26,gcrew,noaa_gefs,25,ShortwaveRadiation_Wm2,17,71.75
gep25,00,2023-09-09,2023-09-26,gcrew,noaa_gefs,25,WindSpeed_ms_mean,17,4.524560070543811
gep25,00,2023-09-09,2023-09-27,gcrew,noaa_gefs,25,AirTemp_C_mean,18,21.53302917480471
gep25,00,2023-09-09,2023-09-27,gcrew,noaa_gefs,25,RH_percent_mean,18,94.12124061584473
gep25,00,2023-09-09,2023-09-27,gcrew,noaa_gefs,25,Rain_mm_sum,18,26.30000001192093
gep25,00,2023-09-09,2023-09-27,gcrew,noaa_gefs,25,ShortwaveRadiation_Wm2,18,45
gep25,00,2023-09-09,2023-09-27,gcrew,noaa_gefs,25,WindSpeed_ms_mean,18,3.4376454204120614
gep25,00,2023-09-09,2023-09-28,gcrew,noaa_gefs,25,AirTemp_C_mean,19,21.010675048828148
gep25,00,2023-09-09,2023-09-28,gcrew,noaa_gefs,25,RH_percent_mean,19,92.565582275390625
gep25,00,2023-09-09,2023-09-28,gcrew,noaa_gefs,25,Rain_mm_sum,19,16.90000021457672
gep25,00,2023-09-09,2023-09-28,gcrew,noaa_gefs,25,ShortwaveRadiation_Wm2,19,77
gep25,00,2023-09-09,2023-09-28,gcrew,noaa_gefs,25,WindSpeed_ms_mean,19,4.072877205063392
gep25,00,2023-09-09,2023-09-29,gcrew,noaa_gefs,25,AirTemp_C_mean,20,15.901658630371116
gep25,00,2023-09-09,2023-09-29,gcrew,noaa_gefs,25,RH_percent_mean,20,89.57869911193848
gep25,00,2023-09-09,2023-09-29,gcrew,noaa_gefs,25,Rain_mm_sum,20,13.20000046491623
gep25,00,2023-09-09,2023-09-29,gcrew,noaa_gefs,25,ShortwaveRadiation_Wm2,20,10
gep25,00,2023-09-09,2023-09-29,gcrew,noaa_gefs,25,WindSpeed_ms_mean,20,10.247166260311577
gep25,00,2023-09-09,2023-09-30,gcrew,noaa_gefs,25,AirTemp_C_mean,21,16.05395660400393
gep25,00,2023-09-09,2023-09-30,gcrew,noaa_gefs,25,RH_percent_mean,21,83.6533432006836
gep25,00,2023-09-09,2023-09-30,gcrew,noaa_gefs,25,Rain_mm_sum,21,2.200000062584877
gep25,00,2023-09-09,2023-09-30,gcrew,noaa_gefs,25,ShortwaveRadiation_Wm2,21,40.75
gep25,00,2023-09-09,2023-09-30,gcrew,noaa_gefs,25,WindSpeed_ms_mean,21,6.540632340833415
gep25,00,2023-09-09,2023-10-01,gcrew,noaa_gefs,25,AirTemp_C_mean,22,16.407647705078148
gep25,00,2023-09-09,2023-10-01,gcrew,noaa_gefs,25,RH_percent_mean,22,57.9601993560791
gep25,00,2023-09-09,2023-10-01,gcrew,noaa_gefs,25,Rain_mm_sum,22,0
gep25,00,2023-09-09,2023-10-01,gcrew,noaa_gefs,25,ShortwaveRadiation_Wm2,22,211.75
gep25,00,2023-09-09,2023-10-01,gcrew,noaa_gefs,25,WindSpeed_ms_mean,22,5.751839360697048
gep25,00,2023-09-09,2023-10-02,gcrew,noaa_gefs,25,AirTemp_C_mean,23,14.778672790527366
gep25,00,2023-09-09,2023-10-02,gcrew,noaa_gefs,25,RH_percent_mean,23,52.730899810791016
gep25,00,2023-09-09,2023-10-02,gcrew,noaa_gefs,25,Rain_mm_sum,23,0
gep25,00,2023-09-09,2023-10-02,gcrew,noaa_gefs,25,ShortwaveRadiation_Wm2,23,213
gep25,00,2023-09-09,2023-10-02,gcrew,noaa_gefs,25,WindSpeed_ms_mean,23,2.8789626857426764
gep25,00,2023-09-09,2023-10-03,gcrew,noaa_gefs,25,AirTemp_C_mean,24,19.176812744140648
gep25,00,2023-09-09,2023-10-03,gcrew,noaa_gefs,25,RH_percent_mean,24,79.48908996582031
gep25,00,2023-09-09,2023-10-03,gcrew,noaa_gefs,25,Rain_mm_sum,24,0
gep25,00,2023-09-09,2023-10-03,gcrew,noaa_gefs,25,ShortwaveRadiation_Wm2,24,204.5
gep25,00,2023-09-09,2023-10-03,gcrew,noaa_gefs,25,WindSpeed_ms_mean,24,2.91516139807672
gep25,00,2023-09-09,2023-10-04,gcrew,noaa_gefs,25,AirTemp_C_mean,25,22.34058532714846
gep25,00,2023-09-09,2023-10-04,gcrew,noaa_gefs,25,RH_percent_mean,25,75.36294078826904
gep25,00,2023-09-09,2023-10-04,gcrew,noaa_gefs,25,Rain_mm_sum,25,0
gep25,00,2023-09-09,2023-10-04,gcrew,noaa_gefs,25,ShortwaveRadiation_Wm2,25,210.75
gep25,00,2023-09-09,2023-10-04,gcrew,noaa_gefs,25,WindSpeed_ms_mean,25,2.9960568170531348
gep25,00,2023-09-09,2023-10-05,gcrew,noaa_gefs,25,AirTemp_C_mean,26,21.978173828125023
gep25,00,2023-09-09,2023-10-05,gcrew,noaa_gefs,25,RH_percent_mean,26,62.96555137634277
gep25,00,2023-09-09,2023-10-05,gcrew,noaa_gefs,25,Rain_mm_sum,26,0.30000000447034836
gep25,00,2023-09-09,2023-10-05,gcrew,noaa_gefs,25,ShortwaveRadiation_Wm2,26,181
gep25,00,2023-09-09,2023-10-05,gcrew,noaa_gefs,25,WindSpeed_ms_mean,26,5.094556622266271
gep25,00,2023-09-09,2023-10-06,gcrew,noaa_gefs,25,AirTemp_C_mean,27,17.76600799560549
gep25,00,2023-09-09,2023-10-06,gcrew,noaa_gefs,25,RH_percent_mean,27,66.44743537902832
gep25,00,2023-09-09,2023-10-06,gcrew,noaa_gefs,25,Rain_mm_sum,27,0
gep25,00,2023-09-09,2023-10-06,gcrew,noaa_gefs,25,ShortwaveRadiation_Wm2,27,141
gep25,00,2023-09-09,2023-10-06,gcrew,noaa_gefs,25,WindSpeed_ms_mean,27,4.729005513864134
gep25,00,2023-09-09,2023-10-07,gcrew,noaa_gefs,25,AirTemp_C_mean,28,16.294488525390648
gep25,00,2023-09-09,2023-10-07,gcrew,noaa_gefs,25,RH_percent_mean,28,53.386996269226074
gep25,00,2023-09-09,2023-10-07,gcrew,noaa_gefs,25,Rain_mm_sum,28,0
gep25,00,2023-09-09,2023-10-07,gcrew,noaa_gefs,25,ShortwaveRadiation_Wm2,28,189.75
gep25,00,2023-09-09,2023-10-07,gcrew,noaa_gefs,25,WindSpeed_ms_mean,28,3.770817246533188
gep25,00,2023-09-09,2023-10-08,gcrew,noaa_gefs,25,AirTemp_C_mean,29,16.038568115234398
gep25,00,2023-09-09,2023-10-08,gcrew,noaa_gefs,25,RH_percent_mean,29,62.47337341308594
gep25,00,2023-09-09,2023-10-08,gcrew,noaa_gefs,25,Rain_mm_sum,29,0
gep25,00,2023-09-09,2023-10-08,gcrew,noaa_gefs,25,ShortwaveRadiation_Wm2,29,182
gep25,00,2023-09-09,2023-10-08,gcrew,noaa_gefs,25,WindSpeed_ms_mean,29,4.436974656013027
gep25,00,2023-09-09,2023-10-09,gcrew,noaa_gefs,25,AirTemp_C_mean,30,18.04213104248049
gep25,00,2023-09-09,2023-10-09,gcrew,noaa_gefs,25,RH_percent_mean,30,64.63348579406738
gep25,00,2023-09-09,2023-10-09,gcrew,noaa_gefs,25,Rain_mm_sum,30,0.10000000149011612
gep25,00,2023-09-09,2023-10-09,gcrew,noaa_gefs,25,ShortwaveRadiation_Wm2,30,180.5
gep25,00,2023-09-09,2023-10-09,gcrew,noaa_gefs,25,WindSpeed_ms_mean,30,7.391516267652271
gep25,00,2023-09-09,2023-10-10,gcrew,noaa_gefs,25,AirTemp_C_mean,31,10.97205505371096
gep25,00,2023-09-09,2023-10-10,gcrew,noaa_gefs,25,RH_percent_mean,31,45.596985816955566
gep25,00,2023-09-09,2023-10-10,gcrew,noaa_gefs,25,Rain_mm_sum,31,0
gep25,00,2023-09-09,2023-10-10,gcrew,noaa_gefs,25,ShortwaveRadiation_Wm2,31,209.25
gep25,00,2023-09-09,2023-10-10,gcrew,noaa_gefs,25,WindSpeed_ms_mean,31,4.847591688904462
gep25,00,2023-09-09,2023-10-11,gcrew,noaa_gefs,25,AirTemp_C_mean,32,13.605989074707054
gep25,00,2023-09-09,2023-10-11,gcrew,noaa_gefs,25,RH_percent_mean,32,67.84227752685547
gep25,00,2023-09-09,2023-10-11,gcrew,noaa_gefs,25,Rain_mm_sum,32,0.10000000149011612
gep25,00,2023-09-09,2023-10-11,gcrew,noaa_gefs,25,ShortwaveRadiation_Wm2,32,119
gep25,00,2023-09-09,2023-10-11,gcrew,noaa_gefs,25,WindSpeed_ms_mean,32,4.346613717382562
gep25,00,2023-09-09,2023-10-12,gcrew,noaa_gefs,25,AirTemp_C_mean,33,20.219476318359398
gep25,00,2023-09-09,2023-10-12,gcrew,noaa_gefs,25,RH_percent_mean,33,86.41911506652832
gep25,00,2023-09-09,2023-10-12,gcrew,noaa_gefs,25,Rain_mm_sum,33,0.10000000149011612
gep25,00,2023-09-09,2023-10-12,gcrew,noaa_gefs,25,ShortwaveRadiation_Wm2,33,121
gep25,00,2023-09-09,2023-10-12,gcrew,noaa_gefs,25,WindSpeed_ms_mean,33,6.458461832002699
gep25,00,2023-09-09,2023-10-13,gcrew,noaa_gefs,25,AirTemp_C_mean,34,21.163812255859398
gep25,00,2023-09-09,2023-10-13,gcrew,noaa_gefs,25,RH_percent_mean,34,83.2275333404541
gep25,00,2023-09-09,2023-10-13,gcrew,noaa_gefs,25,Rain_mm_sum,34,26.900000289082527
gep25,00,2023-09-09,2023-10-13,gcrew,noaa_gefs,25,ShortwaveRadiation_Wm2,34,84.75
gep25,00,2023-09-09,2023-10-13,gcrew,noaa_gefs,25,WindSpeed_ms_mean,34,7.309394128531857
gep25,00,2023-09-09,2023-10-14,gcrew,noaa_gefs,25,AirTemp_C_mean,35,17.296502685546898
gep25,00,2023-09-09,2023-10-14,gcrew,noaa_gefs,25,RH_percent_mean,35,54.04242706298828
gep25,00,2023-09-09,2023-10-14,gcrew,noaa_gefs,25,Rain_mm_sum,35,0
gep25,00,2023-09-09,2023-10-14,gcrew,noaa_gefs,25,ShortwaveRadiation_Wm2,35,247
gep25,00,2023-09-09,2023-10-14,gcrew,noaa_gefs,25,WindSpeed_ms_mean,35,7.0066434777233235
gep26,00,2023-09-09,2023-09-09,gcrew,noaa_gefs,26,AirTemp_C_mean,0,24.57565133231029
gep26,00,2023-09-09,2023-09-09,gcrew,noaa_gefs,26,RH_percent_mean,0,81.28700474330357
gep26,00,2023-09-09,2023-09-09,gcrew,noaa_gefs,26,Rain_mm_sum,0,9.989999949932098
gep26,00,2023-09-09,2023-09-09,gcrew,noaa_gefs,26,ShortwaveRadiation_Wm2,0,208.42857142857142
gep26,00,2023-09-09,2023-09-09,gcrew,noaa_gefs,26,WindSpeed_ms_mean,0,2.244640159790602
gep26,00,2023-09-09,2023-09-10,gcrew,noaa_gefs,26,AirTemp_C_mean,1,23.364217376709007
gep26,00,2023-09-09,2023-09-10,gcrew,noaa_gefs,26,RH_percent_mean,1,79.58796691894531
gep26,00,2023-09-09,2023-09-10,gcrew,noaa_gefs,26,Rain_mm_sum,1,2.1700000278651714
gep26,00,2023-09-09,2023-09-10,gcrew,noaa_gefs,26,ShortwaveRadiation_Wm2,1,106
gep26,00,2023-09-09,2023-09-10,gcrew,noaa_gefs,26,WindSpeed_ms_mean,1,2.0001020501904465
gep26,00,2023-09-09,2023-09-11,gcrew,noaa_gefs,26,AirTemp_C_mean,2,23.99094161987307
gep26,00,2023-09-09,2023-09-11,gcrew,noaa_gefs,26,RH_percent_mean,2,76.6868748664856
gep26,00,2023-09-09,2023-09-11,gcrew,noaa_gefs,26,Rain_mm_sum,2,14.520000278949738
gep26,00,2023-09-09,2023-09-11,gcrew,noaa_gefs,26,ShortwaveRadiation_Wm2,2,236.125
gep26,00,2023-09-09,2023-09-11,gcrew,noaa_gefs,26,WindSpeed_ms_mean,2,1.2761169694246208
gep26,00,2023-09-09,2023-09-12,gcrew,noaa_gefs,26,AirTemp_C_mean,3,24.883412933349632
gep26,00,2023-09-09,2023-09-12,gcrew,noaa_gefs,26,RH_percent_mean,3,71.71621131896973
gep26,00,2023-09-09,2023-09-12,gcrew,noaa_gefs,26,Rain_mm_sum,3,5.510000050067902
gep26,00,2023-09-09,2023-09-12,gcrew,noaa_gefs,26,ShortwaveRadiation_Wm2,3,235.5
gep26,00,2023-09-09,2023-09-12,gcrew,noaa_gefs,26,WindSpeed_ms_mean,3,2.631870711383254
gep26,00,2023-09-09,2023-09-13,gcrew,noaa_gefs,26,AirTemp_C_mean,4,22.81793365478518
gep26,00,2023-09-09,2023-09-13,gcrew,noaa_gefs,26,RH_percent_mean,4,73.45065355300903
gep26,00,2023-09-09,2023-09-13,gcrew,noaa_gefs,26,Rain_mm_sum,4,13.47999992966652
gep26,00,2023-09-09,2023-09-13,gcrew,noaa_gefs,26,ShortwaveRadiation_Wm2,4,134.25
gep26,00,2023-09-09,2023-09-13,gcrew,noaa_gefs,26,WindSpeed_ms_mean,4,3.913124752342366
gep26,00,2023-09-09,2023-09-14,gcrew,noaa_gefs,26,AirTemp_C_mean,5,21.205693817138695
gep26,00,2023-09-09,2023-09-14,gcrew,noaa_gefs,26,RH_percent_mean,5,50.70257902145386
gep26,00,2023-09-09,2023-09-14,gcrew,noaa_gefs,26,Rain_mm_sum,5,0.20000000298023224
gep26,00,2023-09-09,2023-09-14,gcrew,noaa_gefs,26,ShortwaveRadiation_Wm2,5,266.875
gep26,00,2023-09-09,2023-09-14,gcrew,noaa_gefs,26,WindSpeed_ms_mean,5,3.7478175500416757
gep26,00,2023-09-09,2023-09-15,gcrew,noaa_gefs,26,AirTemp_C_mean,6,20.683343505859398
gep26,00,2023-09-09,2023-09-15,gcrew,noaa_gefs,26,RH_percent_mean,6,51.90177011489868
gep26,00,2023-09-09,2023-09-15,gcrew,noaa_gefs,26,Rain_mm_sum,6,0
gep26,00,2023-09-09,2023-09-15,gcrew,noaa_gefs,26,ShortwaveRadiation_Wm2,6,267.125
gep26,00,2023-09-09,2023-09-15,gcrew,noaa_gefs,26,WindSpeed_ms_mean,6,4.967512346372693
gep26,00,2023-09-09,2023-09-16,gcrew,noaa_gefs,26,AirTemp_C_mean,7,21.02536544799807
gep26,00,2023-09-09,2023-09-16,gcrew,noaa_gefs,26,RH_percent_mean,7,53.187461853027344
gep26,00,2023-09-09,2023-09-16,gcrew,noaa_gefs,26,Rain_mm_sum,7,0
gep26,00,2023-09-09,2023-09-16,gcrew,noaa_gefs,26,ShortwaveRadiation_Wm2,7,267.25
gep26,00,2023-09-09,2023-09-16,gcrew,noaa_gefs,26,WindSpeed_ms_mean,7,4.777442492071275
gep26,00,2023-09-09,2023-09-17,gcrew,noaa_gefs,26,AirTemp_C_mean,8,21.546594238281273
gep26,00,2023-09-09,2023-09-17,gcrew,noaa_gefs,26,RH_percent_mean,8,53.33281660079956
gep26,00,2023-09-09,2023-09-17,gcrew,noaa_gefs,26,Rain_mm_sum,8,0
gep26,00,2023-09-09,2023-09-17,gcrew,noaa_gefs,26,ShortwaveRadiation_Wm2,8,259.625
gep26,00,2023-09-09,2023-09-17,gcrew,noaa_gefs,26,WindSpeed_ms_mean,8,1.228218844842356
gep26,00,2023-09-09,2023-09-18,gcrew,noaa_gefs,26,AirTemp_C_mean,9,22.745000457763695
gep26,00,2023-09-09,2023-09-18,gcrew,noaa_gefs,26,RH_percent_mean,9,58.80604076385498
gep26,00,2023-09-09,2023-09-18,gcrew,noaa_gefs,26,Rain_mm_sum,9,0.12000000104308128
gep26,00,2023-09-09,2023-09-18,gcrew,noaa_gefs,26,ShortwaveRadiation_Wm2,9,171.375
gep26,00,2023-09-09,2023-09-18,gcrew,noaa_gefs,26,WindSpeed_ms_mean,9,3.6700750408084533
gep26,00,2023-09-09,2023-09-19,gcrew,noaa_gefs,26,AirTemp_C_mean,10,21.85382232666018
gep26,00,2023-09-09,2023-09-19,gcrew,noaa_gefs,26,RH_percent_mean,10,51.910043716430664
gep26,00,2023-09-09,2023-09-19,gcrew,noaa_gefs,26,Rain_mm_sum,10,0
gep26,00,2023-09-09,2023-09-19,gcrew,noaa_gefs,26,ShortwaveRadiation_Wm2,10,222.75
gep26,00,2023-09-09,2023-09-19,gcrew,noaa_gefs,26,WindSpeed_ms_mean,10,4.17428520665981
gep26,00,2023-09-09,2023-09-20,gcrew,noaa_gefs,26,AirTemp_C_mean,11,20.50086364746096
gep26,00,2023-09-09,2023-09-20,gcrew,noaa_gefs,26,RH_percent_mean,11,56.514787673950195
gep26,00,2023-09-09,2023-09-20,gcrew,noaa_gefs,26,Rain_mm_sum,11,0
gep26,00,2023-09-09,2023-09-20,gcrew,noaa_gefs,26,ShortwaveRadiation_Wm2,11,223.75
gep26,00,2023-09-09,2023-09-20,gcrew,noaa_gefs,26,WindSpeed_ms_mean,11,3.8783071905583006
gep26,00,2023-09-09,2023-09-21,gcrew,noaa_gefs,26,AirTemp_C_mean,12,21.212396240234398
gep26,00,2023-09-09,2023-09-21,gcrew,noaa_gefs,26,RH_percent_mean,12,57.83141326904297
gep26,00,2023-09-09,2023-09-21,gcrew,noaa_gefs,26,Rain_mm_sum,12,0
gep26,00,2023-09-09,2023-09-21,gcrew,noaa_gefs,26,ShortwaveRadiation_Wm2,12,217.75
gep26,00,2023-09-09,2023-09-21,gcrew,noaa_gefs,26,WindSpeed_ms_mean,12,3.3514963749039914
gep26,00,2023-09-09,2023-09-22,gcrew,noaa_gefs,26,AirTemp_C_mean,13,23.03926239013674
gep26,00,2023-09-09,2023-09-22,gcrew,noaa_gefs,26,RH_percent_mean,13,61.35855007171631
gep26,00,2023-09-09,2023-09-22,gcrew,noaa_gefs,26,Rain_mm_sum,13,0
gep26,00,2023-09-09,2023-09-22,gcrew,noaa_gefs,26,ShortwaveRadiation_Wm2,13,219.75
gep26,00,2023-09-09,2023-09-22,gcrew,noaa_gefs,26,WindSpeed_ms_mean,13,1.8093905060696394
gep26,00,2023-09-09,2023-09-23,gcrew,noaa_gefs,26,AirTemp_C_mean,14,22.375588989257835
gep26,00,2023-09-09,2023-09-23,gcrew,noaa_gefs,26,RH_percent_mean,14,63.70778179168701
gep26,00,2023-09-09,2023-09-23,gcrew,noaa_gefs,26,Rain_mm_sum,14,0
gep26,00,2023-09-09,2023-09-23,gcrew,noaa_gefs,26,ShortwaveRadiation_Wm2,14,232
gep26,00,2023-09-09,2023-09-23,gcrew,noaa_gefs,26,WindSpeed_ms_mean,14,4.553198777918426
gep26,00,2023-09-09,2023-09-24,gcrew,noaa_gefs,26,AirTemp_C_mean,15,21.508035278320335
gep26,00,2023-09-09,2023-09-24,gcrew,noaa_gefs,26,RH_percent_mean,15,75.4688196182251
gep26,00,2023-09-09,2023-09-24,gcrew,noaa_gefs,26,Rain_mm_sum,15,0.20000000298023224
gep26,00,2023-09-09,2023-09-24,gcrew,noaa_gefs,26,ShortwaveRadiation_Wm2,15,161
gep26,00,2023-09-09,2023-09-24,gcrew,noaa_gefs,26,WindSpeed_ms_mean,15,5.2646868981549435
gep26,00,2023-09-09,2023-09-25,gcrew,noaa_gefs,26,AirTemp_C_mean,16,22.39338836669924
gep26,00,2023-09-09,2023-09-25,gcrew,noaa_gefs,26,RH_percent_mean,16,80.72414588928223
gep26,00,2023-09-09,2023-09-25,gcrew,noaa_gefs,26,Rain_mm_sum,16,0.700000025331974
gep26,00,2023-09-09,2023-09-25,gcrew,noaa_gefs,26,ShortwaveRadiation_Wm2,16,134.25
gep26,00,2023-09-09,2023-09-25,gcrew,noaa_gefs,26,WindSpeed_ms_mean,16,3.9959241047420417
gep26,00,2023-09-09,2023-09-26,gcrew,noaa_gefs,26,AirTemp_C_mean,17,21.122277832031273
gep26,00,2023-09-09,2023-09-26,gcrew,noaa_gefs,26,RH_percent_mean,17,91.78124618530273
gep26,00,2023-09-09,2023-09-26,gcrew,noaa_gefs,26,Rain_mm_sum,17,17.700000673532486
gep26,00,2023-09-09,2023-09-26,gcrew,noaa_gefs,26,ShortwaveRadiation_Wm2,17,71.75
gep26,00,2023-09-09,2023-09-26,gcrew,noaa_gefs,26,WindSpeed_ms_mean,17,4.524560070543811
gep26,00,2023-09-09,2023-09-27,gcrew,noaa_gefs,26,AirTemp_C_mean,18,21.53302917480471
gep26,00,2023-09-09,2023-09-27,gcrew,noaa_gefs,26,RH_percent_mean,18,94.12124061584473
gep26,00,2023-09-09,2023-09-27,gcrew,noaa_gefs,26,Rain_mm_sum,18,26.30000001192093
gep26,00,2023-09-09,2023-09-27,gcrew,noaa_gefs,26,ShortwaveRadiation_Wm2,18,45
gep26,00,2023-09-09,2023-09-27,gcrew,noaa_gefs,26,WindSpeed_ms_mean,18,3.4376454204120614
gep26,00,2023-09-09,2023-09-28,gcrew,noaa_gefs,26,AirTemp_C_mean,19,21.010675048828148
gep26,00,2023-09-09,2023-09-28,gcrew,noaa_gefs,26,RH_percent_mean,19,92.565582275390625
gep26,00,2023-09-09,2023-09-28,gcrew,noaa_gefs,26,Rain_mm_sum,19,16.90000021457672
gep26,00,2023-09-09,2023-09-28,gcrew,noaa_gefs,26,ShortwaveRadiation_Wm2,19,77
gep26,00,2023-09-09,2023-09-28,gcrew,noaa_gefs,26,WindSpeed_ms_mean,19,4.072877205063392
gep26,00,2023-09-09,2023-09-29,gcrew,noaa_gefs,26,AirTemp_C_mean,20,15.901658630371116
gep26,00,2023-09-09,2023-09-29,gcrew,noaa_gefs,26,RH_percent_mean,20,89.57869911193848
gep26,00,2023-09-09,2023-09-29,gcrew,noaa_gefs,26,Rain_mm_sum,20,13.20000046491623
gep26,00,2023-09-09,2023-09-29,gcrew,noaa_gefs,26,ShortwaveRadiation_Wm2,20,10
gep26,00,2023-09-09,2023-09-29,gcrew,noaa_gefs,26,WindSpeed_ms_mean,20,10.247166260311577
gep26,00,2023-09-09,2023-09-30,gcrew,noaa_gefs,26,AirTemp_C_mean,21,16.05395660400393
gep26,00,2023-09-09,2023-09-30,gcrew,noaa_gefs,26,RH_percent_mean,21,83.6533432006836
gep26,00,2023-09-09,2023-09-30,gcrew,noaa_gefs,26,Rain_mm_sum,21,2.200000062584877
gep26,00,2023-09-09,2023-09-30,gcrew,noaa_gefs,26,ShortwaveRadiation_Wm2,21,40.75
gep26,00,2023-09-09,2023-09-30,gcrew,noaa_gefs,26,WindSpeed_ms_mean,21,6.540632340833415
gep26,00,2023-09-09,2023-10-01,gcrew,noaa_gefs,26,AirTemp_C_mean,22,16.407647705078148
gep26,00,2023-09-09,2023-10-01,gcrew,noaa_gefs,26,RH_percent_mean,22,57.9601993560791
gep26,00,2023-09-09,2023-10-01,gcrew,noaa_gefs,26,Rain_mm_sum,22,0
gep26,00,2023-09-09,2023-10-01,gcrew,noaa_gefs,26,ShortwaveRadiation_Wm2,22,211.75
gep26,00,2023-09-09,2023-10-01,gcrew,noaa_gefs,26,WindSpeed_ms_mean,22,5.751839360697048
gep26,00,2023-09-09,2023-10-02,gcrew,noaa_gefs,26,AirTemp_C_mean,23,14.778672790527366
gep26,00,2023-09-09,2023-10-02,gcrew,noaa_gefs,26,RH_percent_mean,23,52.730899810791016
gep26,00,2023-09-09,2023-10-02,gcrew,noaa_gefs,26,Rain_mm_sum,23,0
gep26,00,2023-09-09,2023-10-02,gcrew,noaa_gefs,26,ShortwaveRadiation_Wm2,23,213
gep26,00,2023-09-09,2023-10-02,gcrew,noaa_gefs,26,WindSpeed_ms_mean,23,2.8789626857426764
gep26,00,2023-09-09,2023-10-03,gcrew,noaa_gefs,26,AirTemp_C_mean,24,19.176812744140648
gep26,00,2023-09-09,2023-10-03,gcrew,noaa_gefs,26,RH_percent_mean,24,79.48908996582031
gep26,00,2023-09-09,2023-10-03,gcrew,noaa_gefs,26,Rain_mm_sum,24,0
gep26,00,2023-09-09,2023-10-03,gcrew,noaa_gefs,26,ShortwaveRadiation_Wm2,24,204.5
gep26,00,2023-09-09,2023-10-03,gcrew,noaa_gefs,26,WindSpeed_ms_mean,24,2.91516139807672
gep26,00,2023-09-09,2023-10-04,gcrew,noaa_gefs,26,AirTemp_C_mean,25,22.34058532714846
gep26,00,2023-09-09,2023-10-04,gcrew,noaa_gefs,26,RH_percent_mean,25,75.36294078826904
gep26,00,2023-09-09,2023-10-04,gcrew,noaa_gefs,26,Rain_mm_sum,25,0
gep26,00,2023-09-09,2023-10-04,gcrew,noaa_gefs,26,ShortwaveRadiation_Wm2,25,210.75
gep26,00,2023-09-09,2023-10-04,gcrew,noaa_gefs,26,WindSpeed_ms_mean,25,2.9960568170531348
gep26,00,2023-09-09,2023-10-05,gcrew,noaa_gefs,26,AirTemp_C_mean,26,21.978173828125023
gep26,00,2023-09-09,2023-10-05,gcrew,noaa_gefs,26,RH_percent_mean,26,62.96555137634277
gep26,00,2023-09-09,2023-10-05,gcrew,noaa_gefs,26,Rain_mm_sum,26,0.30000000447034836
gep26,00,2023-09-09,2023-10-05,gcrew,noaa_gefs,26,ShortwaveRadiation_Wm2,26,181
gep26,00,2023-09-09,2023-10-05,gcrew,noaa_gefs,26,WindSpeed_ms_mean,26,5.094556622266271
gep26,00,2023-09-09,2023-10-06,gcrew,noaa_gefs,26,AirTemp_C_mean,27,17.76600799560549
gep26,00,2023-09-09,2023-10-06,gcrew,noaa_gefs,26,RH_percent_mean,27,66.44743537902832
gep26,00,2023-09-09,2023-10-06,gcrew,noaa_gefs,26,Rain_mm_sum,27,0
gep26,00,2023-09-09,2023-10-06,gcrew,noaa_gefs,26,ShortwaveRadiation_Wm2,27,141
gep26,00,2023-09-09,2023-10-06,gcrew,noaa_gefs,26,WindSpeed_ms_mean,27,4.729005513864134
gep26,00,2023-09-09,2023-10-07,gcrew,noaa_gefs,26,AirTemp_C_mean,28,16.294488525390648
gep26,00,2023-09-09,2023-10-07,gcrew,noaa_gefs,26,RH_percent_mean,28,53.386996269226074
gep26,00,2023-09-09,2023-10-07,gcrew,noaa_gefs,26,Rain_mm_sum,28,0
gep26,00,2023-09-09,2023-10-07,gcrew,noaa_gefs,26,ShortwaveRadiation_Wm2,28,189.75
gep26,00,2023-09-09,2023-10-07,gcrew,noaa_gefs,26,WindSpeed_ms_mean,28,3.770817246533188
gep26,00,2023-09-09,2023-10-08,gcrew,noaa_gefs,26,AirTemp_C_mean,29,16.038568115234398
gep26,00,2023-09-09,2023-10-08,gcrew,noaa_gefs,26,RH_percent_mean,29,62.47337341308594
gep26,00,2023-09-09,2023-10-08,gcrew,noaa_gefs,26,Rain_mm_sum,29,0
gep26,00,2023-09-09,2023-10-08,gcrew,noaa_gefs,26,ShortwaveRadiation_Wm2,29,182
gep26,00,2023-09-09,2023-10-08,gcrew,noaa_gefs,26,WindSpeed_ms_mean,29,4.436974656013027
gep26,00,2023-09-09,2023-10-09,gcrew,noaa_gefs,26,AirTemp_C_mean,30,18.04213104248049
gep26,00,2023-09-09,2023-10-09,gcrew,noaa_gefs,26,RH_percent_mean,30,64.63348579406738
gep26,00,2023-09-09,2023-10-09,gcrew,noaa_gefs,26,Rain_mm_sum,30,0.10000000149011612
gep26,00,2023-09-09,2023-10-09,gcrew,noaa_gefs,26,ShortwaveRadiation_Wm2,30,180.5
gep26,00,2023-09-09,2023-10-09,gcrew,noaa_gefs,26,WindSpeed_ms_mean,30,7.391516267652271
gep26,00,2023-09-09,2023-10-10,gcrew,noaa_gefs,26,AirTemp_C_mean,31,10.97205505371096
gep26,00,2023-09-09,2023-10-10,gcrew,noaa_gefs,26,RH_percent_mean,31,45.596985816955566
gep26,00,2023-09-09,2023-10-10,gcrew,noaa_gefs,26,Rain_mm_sum,31,0
gep26,00,2023-09-09,2023-10-10,gcrew,noaa_gefs,26,ShortwaveRadiation_Wm2,31,209.25
gep26,00,2023-09-09,2023-10-10,gcrew,noaa_gefs,26,WindSpeed_ms_mean,31,4.847591688904462
gep26,00,2023-09-09,2023-10-11,gcrew,noaa_gefs,26,AirTemp_C_mean,32,13.605989074707054
gep26,00,2023-09-09,2023-10-11,gcrew,noaa_gefs,26,RH_percent_mean,32,67.84227752685547
gep26,00,2023-09-09,2023-10-11,gcrew,noaa_gefs,26,Rain_mm_sum,32,0.10000000149011612
gep26,00,2023-09-09,2023-10-11,gcrew,noaa_gefs,26,ShortwaveRadiation_Wm2,32,119
gep26,00,2023-09-09,2023-10-11,gcrew,noaa_gefs,26,WindSpeed_ms_mean,32,4.346613717382562
gep26,00,2023-09-09,2023-10-12,gcrew,noaa_gefs,26,AirTemp_C_mean,33,20.219476318359398
gep26,00,2023-09-09,2023-10-12,gcrew,noaa_gefs,26,RH_percent_mean,33,86.41911506652832
gep26,00,2023-09-09,2023-10-12,gcrew,noaa_gefs,26,Rain_mm_sum,33,0.10000000149011612
gep26,00,2023-09-09,2023-10-12,gcrew,noaa_gefs,26,ShortwaveRadiation_Wm2,33,121
gep26,00,2023-09-09,2023-10-12,gcrew,noaa_gefs,26,WindSpeed_ms_mean,33,6.458461832002699
gep26,00,2023-09-09,2023-10-13,gcrew,noaa_gefs,26,AirTemp_C_mean,34,21.163812255859398
gep26,00,2023-09-09,2023-10-13,gcrew,noaa_gefs,26,RH_percent_mean,34,83.2275333404541
gep26,00,2023-09-09,2023-10-13,gcrew,noaa_gefs,26,Rain_mm_sum,34,26.900000289082527
gep26,00,2023-09-09,2023-10-13,gcrew,noaa_gefs,26,ShortwaveRadiation_Wm2,34,84.75
gep26,00,2023-09-09,2023-10-13,gcrew,noaa_gefs,26,WindSpeed_ms_mean,34,7.309394128531857
gep26,00,2023-09-09,2023-10-14,gcrew,noaa_gefs,26,AirTemp_C_mean,35,17.296502685546898
gep26,00,2023-09-09,2023-10-14,gcrew,noaa_gefs,26,RH_percent_mean,35,54.04242706298828
gep26,00,2023-09-09,2023-10-14,gcrew,noaa_gefs,26,Rain_mm_sum,35,0
gep26,00,2023-09-09,2023-10-14,gcrew,noaa_gefs,26,ShortwaveRadiation_Wm2,35,247
gep26,00,2023-09-09,2023-10-14,gcrew,noaa_gefs,26,WindSpeed_ms_mean,35,7.0066434777233235
gep27,00,2023-09-09,2023-09-09,gcrew,noaa_gefs,27,AirTemp_C_mean,0,24.57565133231029
gep27,00,2023-09-09,2023-09-09,gcrew,noaa_gefs,27,RH_percent_mean,0,81.28700474330357
gep27,00,2023-09-09,2023-09-09,gcrew,noaa_gefs,27,Rain_mm_sum,0,9.989999949932098
gep27,00,2023-09-09,2023-09-09,gcrew,noaa_gefs,27,ShortwaveRadiation_Wm2,0,208.42857142857142
gep27,00,2023-09-09,2023-09-09,gcrew,noaa_gefs,27,WindSpeed_ms_mean,0,2.244640159790602
gep27,00,2023-09-09,2023-09-10,gcrew,noaa_gefs,27,AirTemp_C_mean,1,23.364217376709007
gep27,00,2023-09-09,2023-09-10,gcrew,noaa_gefs,27,RH_percent_mean,1,79.58796691894531
gep27,00,2023-09-09,2023-09-10,gcrew,noaa_gefs,27,Rain_mm_sum,1,2.1700000278651714
gep27,00,2023-09-09,2023-09-10,gcrew,noaa_gefs,27,ShortwaveRadiation_Wm2,1,106
gep27,00,2023-09-09,2023-09-10,gcrew,noaa_gefs,27,WindSpeed_ms_mean,1,2.0001020501904465
gep27,00,2023-09-09,2023-09-11,gcrew,noaa_gefs,27,AirTemp_C_mean,2,23.99094161987307
gep27,00,2023-09-09,2023-09-11,gcrew,noaa_gefs,27,RH_percent_mean,2,76.6868748664856
gep27,00,2023-09-09,2023-09-11,gcrew,noaa_gefs,27,Rain_mm_sum,2,14.520000278949738
gep27,00,2023-09-09,2023-09-11,gcrew,noaa_gefs,27,ShortwaveRadiation_Wm2,2,236.125
gep27,00,2023-09-09,2023-09-11,gcrew,noaa_gefs,27,WindSpeed_ms_mean,2,1.2761169694246208
gep27,00,2023-09-09,2023-09-12,gcrew,noaa_gefs,27,AirTemp_C_mean,3,24.883412933349632
gep27,00,2023-09-09,2023-09-12,gcrew,noaa_gefs,27,RH_percent_mean,3,71.71621131896973
gep27,00,2023-09-09,2023-09-12,gcrew,noaa_gefs,27,Rain_mm_sum,3,5.510000050067902
gep27,00,2023-09-09,2023-09-12,gcrew,noaa_gefs,27,ShortwaveRadiation_Wm2,3,235.5
gep27,00,2023-09-09,2023-09-12,gcrew,noaa_gefs,27,WindSpeed_ms_mean,3,2.631870711383254
gep27,00,2023-09-09,2023-09-13,gcrew,noaa_gefs,27,AirTemp_C_mean,4,22.81793365478518
gep27,00,2023-09-09,2023-09-13,gcrew,noaa_gefs,27,RH_percent_mean,4,73.45065355300903
gep27,00,2023-09-09,2023-09-13,gcrew,noaa_gefs,27,Rain_mm_sum,4,13.47999992966652
gep27,00,2023-09-09,2023-09-13,gcrew,noaa_gefs,27,ShortwaveRadiation_Wm2,4,134.25
gep27,00,2023-09-09,2023-09-13,gcrew,noaa_gefs,27,WindSpeed_ms_mean,4,3.913124752342366
gep27,00,2023-09-09,2023-09-14,gcrew,noaa_gefs,27,AirTemp_C_mean,5,21.205693817138695
gep27,00,2023-09-09,2023-09-14,gcrew,noaa_gefs,27,RH_percent_mean,5,50.70257902145386
gep27,00,2023-09-09,2023-09-14,gcrew,noaa_gefs,27,Rain_mm_sum,5,0.20000000298023224
gep27,00,2023-09-09,2023-09-14,gcrew,noaa_gefs,27,ShortwaveRadiation_Wm2,5,266.875
gep27,00,2023-09-09,2023-09-14,gcrew,noaa_gefs,27,WindSpeed_ms_mean,5,3.7478175500416757
gep27,00,2023-09-09,2023-09-15,gcrew,noaa_gefs,27,AirTemp_C_mean,6,20.683343505859398
gep27,00,2023-09-09,2023-09-15,gcrew,noaa_gefs,27,RH_percent_mean,6,51.90177011489868
gep27,00,2023-09-09,2023-09-15,gcrew,noaa_gefs,27,Rain_mm_sum,6,0
gep27,00,2023-09-09,2023-09-15,gcrew,noaa_gefs,27,ShortwaveRadiation_Wm2,6,267.125
gep27,00,2023-09-09,2023-09-15,gcrew,noaa_gefs,27,WindSpeed_ms_mean,6,4.967512346372693
gep27,00,2023-09-09,2023-09-16,gcrew,noaa_gefs,27,AirTemp_C_mean,7,21.02536544799807
gep27,00,2023-09-09,2023-09-16,gcrew,noaa_gefs,27,RH_percent_mean,7,53.187461853027344
gep27,00,2023-09-09,2023-09-16,gcrew,noaa_gefs,27,Rain_mm_sum,7,0
gep27,00,2023-09-09,2023-09-16,gcrew,noaa_gefs,27,ShortwaveRadiation_Wm2,7,267.25
gep27,00,2023-09-09,2023-09-16,gcrew,noaa_gefs,27,WindSpeed_ms_mean,7,4.777442492071275
gep27,00,2023-09-09,2023-09-17,gcrew,noaa_gefs,27,AirTemp_C_mean,8,21.546594238281273
gep27,00,2023-09-09,2023-09-17,gcrew,noaa_gefs,27,RH_percent_mean,8,53.33281660079956
gep27,00,2023-09-09,2023-09-17,gcrew,noaa_gefs,27,Rain_mm_sum,8,0
gep27,00,2023-09-09,2023-09-17,gcrew,noaa_gefs,27,ShortwaveRadiation_Wm2,8,259.625
gep27,00,2023-09-09,2023-09-17,gcrew,noaa_gefs,27,WindSpeed_ms_mean,8,1.228218844842356
gep27,00,2023-09-09,2023-09-18,gcrew,noaa_gefs,27,AirTemp_C_mean,9,22.745000457763695
gep27,00,2023-09-09,2023-09-18,gcrew,noaa_gefs,27,RH_percent_mean,9,58.80604076385498
gep27,00,2023-09-09,2023-09-18,gcrew,noaa_gefs,27,Rain_mm_sum,9,0.12000000104308128
gep27,00,2023-09-09,2023-09-18,gcrew,noaa_gefs,27,ShortwaveRadiation_Wm2,9,171.375
gep27,00,2023-09-09,2023-09-18,gcrew,noaa_gefs,27,WindSpeed_ms_mean,9,3.6700750408084533
gep27,00,2023-09-09,2023-09-19,gcrew,noaa_gefs,27,AirTemp_C_mean,10,21.85382232666018
gep27,00,2023-09-09,2023-09-19,gcrew,noaa_gefs,27,RH_percent_mean,10,51.910043716430664
gep27,00,2023-09-09,2023-09-19,gcrew,noaa_gefs,27,Rain_mm_sum,10,0
gep27,00,2023-09-09,2023-09-19,gcrew,noaa_gefs,27,ShortwaveRadiation_Wm2,10,222.75
gep27,00,2023-09-09,2023-09-19,gcrew,noaa_gefs,27,WindSpeed_ms_mean,10,4.17428520665981
gep27,00,2023-09-09,2023-09-20,gcrew,noaa_gefs,27,AirTemp_C_mean,11,20.50086364746096
gep27,00,2023-09-09,2023-09-20,gcrew,noaa_gefs,27,RH_percent_mean,11,56.514787673950195
gep27,00,2023-09-09,2023-09-20,gcrew,noaa_gefs,27,Rain_mm_sum,11,0
gep27,00,2023-09-09,2023-09-20,gcrew,noaa_gefs,27,ShortwaveRadiation_Wm2,11,223.75
gep27,00,2023-09-09,2023-09-20,gcrew,noaa_gefs,27,WindSpeed_ms_mean,11,3.8783071905583006
gep27,00,2023-09-09,2023-09-21,gcrew,noaa_gefs,27,AirTemp_C_mean,12,21.212396240234398
gep27,00,2023-09-09,2023-09-21,gcrew,noaa_gefs,27,RH_percent_mean,12,57.83141326904297
gep27,00,2023-09-09,2023-09-21,gcrew,noaa_gefs,27,Rain_mm_sum,12,0
gep27,00,2023-09-09,2023-09-21,gcrew,noaa_gefs,27,ShortwaveRadiation_Wm2,12,217.75
gep27,00,2023-09-09,2023-09-21,gcrew,noaa_gefs,27,WindSpeed_ms_mean,12,3.3514963749039914
gep27,00,2023-09-09,2023-09-22,gcrew,noaa_gefs,27,AirTemp_C_mean,13,23.03926239013674
gep27,00,2023-09-09,2023-09-22,gcrew,noaa_gefs,27,RH_percent_mean,13,61.35855007171631
gep27,00,2023-09-09,2023-09-22,gcrew,noaa_gefs,27,Rain_mm_sum,13,0
gep27,00,2023-09-09,2023-09-22,gcrew,noaa_gefs,27,ShortwaveRadiation_Wm2,13,219.75
gep27,00,2023-09-09,2023-09-22,gcrew,noaa_gefs,27,WindSpeed_ms_mean,13,1.8093905060696394
gep27,00,2023-09-09,2023-09-23,gcrew,noaa_gefs,27,AirTemp_C_mean,14,22.375588989257835
gep27,00,2023-09-09,2023-09-23,gcrew,noaa_gefs,27,RH_percent_mean,14,63.70778179168701
gep27,00,2023-09-09,2023-09-23,gcrew,noaa_gefs,27,Rain_mm_sum,14,0
gep27,00,2023-09-09,2023-09-23,gcrew,noaa_gefs,27,ShortwaveRadiation_Wm2,14,232
gep27,00,2023-09-09,2023-09-23,gcrew,noaa_gefs,27,WindSpeed_ms_mean,14,4.553198777918426
gep27,00,2023-09-09,2023-09-24,gcrew,noaa_gefs,27,AirTemp_C_mean,15,21.508035278320335
gep27,00,2023-09-09,2023-09-24,gcrew,noaa_gefs,27,RH_percent_mean,15,75.4688196182251
gep27,00,2023-09-09,2023-09-24,gcrew,noaa_gefs,27,Rain_mm_sum,15,0.20000000298023224
gep27,00,2023-09-09,2023-09-24,gcrew,noaa_gefs,27,ShortwaveRadiation_Wm2,15,161
gep27,00,2023-09-09,2023-09-24,gcrew,noaa_gefs,27,WindSpeed_ms_mean,15,5.2646868981549435
gep27,00,2023-09-09,2023-09-25,gcrew,noaa_gefs,27,AirTemp_C_mean,16,22.39338836669924
gep27,00,2023-09-09,2023-09-25,gcrew,noaa_gefs,27,RH_percent_mean,16,80.72414588928223
gep27,00,2023-09-09,2023-09-25,gcrew,noaa_gefs,27,Rain_mm_sum,16,0.700000025331974
gep27,00,2023-09-09,2023-09-25,gcrew,noaa_gefs,27,ShortwaveRadiation_Wm2,16,134.25
gep27,00,2023-09-09,2023-09-25,gcrew,noaa_gefs,27,WindSpeed_ms_mean,16,3.9959241047420417
gep27,00,2023-09-09,2023-09-26,gcrew,noaa_gefs,27,AirTemp_C_mean,17,21.122277832031273
gep27,00,2023-09-09,2023-09-26,gcrew,noaa_gefs,27,RH_percent_mean,17,91.78124618530273
gep27,00,2023-09-09,2023-09-26,gcrew,noaa_gefs,27,Rain_mm_sum,17,17.700000673532486
gep27,00,2023-09-09,2023-09-26,gcrew,noaa_gefs,27,ShortwaveRadiation_Wm2,17,71.75
gep27,00,2023-09-09,2023-09-26,gcrew,noaa_gefs,27,WindSpeed_ms_mean,17,4.524560070543811
gep27,00,2023-09-09,2023-09-27,gcrew,noaa_gefs,27,AirTemp_C_mean,18,21.53302917480471
gep27,00,2023-09-09,2023-09-27,gcrew,noaa_gefs,27,RH_percent_mean,18,94.12124061584473
gep27,00,2023-09-09,2023-09-27,gcrew,noaa_gefs,27,Rain_mm_sum,18,26.30000001192093
gep27,00,2023-09-09,2023-09-27,gcrew,noaa_gefs,27,ShortwaveRadiation_Wm2,18,45
gep27,00,2023-09-09,2023-09-27,gcrew,noaa_gefs,27,WindSpeed_ms_mean,18,3.4376454204120614
gep27,00,2023-09-09,2023-09-28,gcrew,noaa_gefs,27,AirTemp_C_mean,19,21.010675048828148
gep27,00,2023-09-09,2023-09-28,gcrew,noaa_gefs,27,RH_percent_mean,19,92.565582275390625
gep27,00,2023-09-09,2023-09-28,gcrew,noaa_gefs,27,Rain_mm_sum,19,16.90000021457672
gep27,00,2023-09-09,2023-09-28,gcrew,noaa_gefs,27,ShortwaveRadiation_Wm2,19,77
gep27,00,2023-09-09,2023-09-28,gcrew,noaa_gefs,27,WindSpeed_ms_mean,19,4.072877205063392
gep27,00,2023-09-09,2023-09-29,gcrew,noaa_gefs,27,AirTemp_C_mean,20,15.901658630371116
gep27,00,2023-09-09,2023-09-29,gcrew,noaa_gefs,27,RH_percent_mean,20,89.57869911193848
gep27,00,2023-09-09,2023-09-29,gcrew,noaa_gefs,27,Rain_mm_sum,20,13.20000046491623
gep27,00,2023-09-09,2023-09-29,gcrew,noaa_gefs,27,ShortwaveRadiation_Wm2,20,10
gep27,00,2023-09-09,2023-09-29,gcrew,noaa_gefs,27,WindSpeed_ms_mean,20,10.247166260311577
gep27,00,2023-09-09,2023-09-30,gcrew,noaa_gefs,27,AirTemp_C_mean,21,16.05395660400393
gep27,00,2023-09-09,2023-09-30,gcrew,noaa_gefs,27,RH_percent_mean,21,83.6533432006836
gep27,00,2023-09-09,2023-09-30,gcrew,noaa_gefs,27,Rain_mm_sum,21,2.200000062584877
gep27,00,2023-09-09,2023-09-30,gcrew,noaa_gefs,27,ShortwaveRadiation_Wm2,21,40.75
gep27,00,2023-09-09,2023-09-30,gcrew,noaa_gefs,27,WindSpeed_ms_mean,21,6.540632340833415
gep27,00,2023-09-09,2023-10-01,gcrew,noaa_gefs,27,AirTemp_C_mean,22,16.407647705078148
gep27,00,2023-09-09,2023-10-01,gcrew,noaa_gefs,27,RH_percent_mean,22,57.9601993560791
gep27,00,2023-09-09,2023-10-01,gcrew,noaa_gefs,27,Rain_mm_sum,22,0
gep27,00,2023-09-09,2023-10-01,gcrew,noaa_gefs,27,ShortwaveRadiation_Wm2,22,211.75
gep27,00,2023-09-09,2023-10-01,gcrew,noaa_gefs,27,WindSpeed_ms_mean,22,5.751839360697048
gep27,00,2023-09-09,2023-10-02,gcrew,noaa_gefs,27,AirTemp_C_mean,23,14.778672790527366
gep27,00,2023-09-09,2023-10-02,gcrew,noaa_gefs,27,RH_percent_mean,23,52.730899810791016
gep27,00,2023-09-09,2023-10-02,gcrew,noaa_gefs,27,Rain_mm_sum,23,0
gep27,00,2023-09-09,2023-10-02,gcrew,noaa_gefs,27,ShortwaveRadiation_Wm2,23,213
gep27,00,2023-09-09,2023-10-02,gcrew,noaa_gefs,27,WindSpeed_ms_mean,23,2.8789626857426764
gep27,00,2023-09-09,2023-10-03,gcrew,noaa_gefs,27,AirTemp_C_mean,24,19.176812744140648
gep27,00,2023-09-09,2023-10-03,gcrew,noaa_gefs,27,RH_percent_mean,24,79.48908996582031
gep27,00,2023-09-09,2023-10-03,gcrew,noaa_gefs,27,Rain_mm_sum,24,0
gep27,00,2023-09-09,2023-10-03,gcrew,noaa_gefs,27,ShortwaveRadiation_Wm2,24,204.5
gep27,00,2023-09-09,2023-10-03,gcrew,noaa_gefs,27,WindSpeed_ms_mean,24,2.91516139807672
gep27,00,2023-09-09,2023-10-04,gcrew,noaa_gefs,27,AirTemp_C_mean,25,22.34058532714846
gep27,00,2023-09-09,2023-10-04,gcrew,noaa_gefs,27,RH_percent_mean,25,75.36294078826904
gep27,00,2023-09-09,2023-10-04,gcrew,noaa_gefs,27,Rain_mm_sum,25,0
gep27,00,2023-09-09,2023-10-04,gcrew,noaa_gefs,27,ShortwaveRadiation_Wm2,25,210.75
gep27,00,2023-09-09,2023-10-04,gcrew,noaa_gefs,27,WindSpeed_ms_mean,25,2.9960568170531348
gep27,00,2023-09-09,2023-10-05,gcrew,noaa_gefs,27,AirTemp_C_mean,26,21.978173828125023
gep27,00,2023-09-09,2023-10-05,gcrew,noaa_gefs,27,RH_percent_mean,26,62.96555137634277
gep27,00,2023-09-09,2023-10-05,gcrew,noaa_gefs,27,Rain_mm_sum,26,0.30000000447034836
gep27,00,2023-09-09,2023-10-05,gcrew,noaa_gefs,27,ShortwaveRadiation_Wm2,26,181
gep27,00,2023-09-09,2023-10-05,gcrew,noaa_gefs,27,WindSpeed_ms_mean,26,5.094556622266271
gep27,00,2023-09-09,2023-10-06,gcrew,noaa_gefs,27,AirTemp_C_mean,27,17.76600799560549
gep27,00,2023-09-09,2023-10-06,gcrew,noaa_gefs,27,RH_percent_mean,27,66.44743537902832
gep27,00,2023-09-09,2023-10-06,gcrew,noaa_gefs,27,Rain_mm_sum,27,0
gep27,00,2023-09-09,2023-10-06,gcrew,noaa_gefs,27,ShortwaveRadiation_Wm2,27,141
gep27,00,2023-09-09,2023-10-06,gcrew,noaa_gefs,27,WindSpeed_ms_mean,27,4.729005513864134
gep27,00,2023-09-09,2023-10-07,gcrew,noaa_gefs,27,AirTemp_C_mean,28,16.294488525390648
gep27,00,2023-09-09,2023-10-07,gcrew,noaa_gefs,27,RH_percent_mean,28,53.386996269226074
gep27,00,2023-09-09,2023-10-07,gcrew,noaa_gefs,27,Rain_mm_sum,28,0
gep27,00,2023-09-09,2023-10-07,gcrew,noaa_gefs,27,ShortwaveRadiation_Wm2,28,189.75
gep27,00,2023-09-09,2023-10-07,gcrew,noaa_gefs,27,WindSpeed_ms_mean,28,3.770817246533188
gep27,00,2023-09-09,2023-10-08,gcrew,noaa_gefs,27,AirTemp_C_mean,29,16.038568115234398
gep27,00,2023-09-09,2023-10-08,gcrew,noaa_gefs,27,RH_percent_mean,29,62.47337341308594
gep27,00,2023-09-09,2023-10-08,gcrew,noaa_gefs,27,Rain_mm_sum,29,0
gep27,00,2023-09-09,2023-10-08,gcrew,noaa_gefs,27,ShortwaveRadiation_Wm2,29,182
gep27,00,2023-09-09,2023-10-08,gcrew,noaa_gefs,27,WindSpeed_ms_mean,29,4.436974656013027
gep27,00,2023-09-09,2023-10-09,gcrew,noaa_gefs,27,AirTemp_C_mean,30,18.04213104248049
gep27,00,2023-09-09,2023-10-09,gcrew,noaa_gefs,27,RH_percent_mean,30,64.63348579406738
gep27,00,2023-09-09,2023-10-09,gcrew,noaa_gefs,27,Rain_mm_sum,30,0.10000000149011612
gep27,00,2023-09-09,2023-10-09,gcrew,noaa_gefs,27,ShortwaveRadiation_Wm2,30,180.5
gep27,00,2023-09-09,2023-10-09,gcrew,noaa_gefs,27,WindSpeed_ms_mean,30,7.391516267652271
gep27,00,2023-09-09,2023-10-10,gcrew,noaa_gefs,27,AirTemp_C_mean,31,10.97205505371096
gep27,00,2023-09-09,2023-10-10,gcrew,noaa_gefs,27,RH_percent_mean,31,45.596985816955566
gep27,00,2023-09-09,2023-10-10,gcrew,noaa_gefs,27,Rain_mm_sum,31,0
gep27,00,2023-09-09,2023-10-10,gcrew,noaa_gefs,27,ShortwaveRadiation_Wm2,31,209.25
gep27,00,2023-09-09,2023-10-10,gcrew,noaa_gefs,27,WindSpeed_ms_mean,31,4.847591688904462
gep27,00,2023-09-09,2023-10-11,gcrew,noaa_gefs,27,AirTemp_C_mean,32,13.605989074707054
gep27,00,2023-09-09,2023-10-11,gcrew,noaa_gefs,27,RH_percent_mean,32,67.84227752685547
gep27,00,2023-09-09,2023-10-11,gcrew,noaa_gefs,27,Rain_mm_sum,32,0.10000000149011612
gep27,00,2023-09-09,2023-10-11,gcrew,noaa_gefs,27,ShortwaveRadiation_Wm2,32,119
gep27,00,2023-09-09,2023-10-11,gcrew,noaa_gefs,27,WindSpeed_ms_mean,32,4.346613717382562
gep27,00,2023-09-09,2023-10-12,gcrew,noaa_gefs,27,AirTemp_C_mean,33,20.219476318359398
gep27,00,2023-09-09,2023-10-12,gcrew,noaa_gefs,27,RH_percent_mean,33,86.41911506652832
gep27,00,2023-09-09,2023-10-12,gcrew,noaa_gefs,27,Rain_mm_sum,33,0.10000000149011612
gep27,00,2023-09-09,2023-10-12,gcrew,noaa_gefs,27,ShortwaveRadiation_Wm2,33,121
gep27,00,2023-09-09,2023-10-12,gcrew,noaa_gefs,27,WindSpeed_ms_mean,33,6.458461832002699
gep27,00,2023-09-09,2023-10-13,gcrew,noaa_gefs,27,AirTemp_C_mean,34,21.163812255859398
gep27,00,2023-09-09,2023-10-13,gcrew,noaa_gefs,27,RH_percent_mean,34,83.2275333404541
gep27,00,2023-09-09,2023-10-13,gcrew,noaa_gefs,27,Rain_mm_sum,34,26.900000289082527
gep27,00,2023-09-09,2023-10-13,gcrew,noaa_gefs,27,ShortwaveRadiation_Wm2,34,84.75
gep27,00,2023-09-09,2023-10-13,gcrew,noaa_gefs,27,WindSpeed_ms_mean,34,7.309394128531857
gep27,00,2023-09-09,2023-10-14,gcrew,noaa_gefs,27,AirTemp_C_mean,35,17.296502685546898
gep27,00,2023-09-09,2023-10-14,gcrew,noaa_gefs,27,RH_percent_mean,35,54.04242706298828
gep27,00,2023-09-09,2023-10-14,gcrew,noaa_gefs,27,Rain_mm_sum,35,0
gep27,00,2023-09-09,2023-10-14,gcrew,noaa_gefs,27,ShortwaveRadiation_Wm2,35,247
gep27,00,2023-09-09,2023-10-14,gcrew,noaa_gefs,27,WindSpeed_ms_mean,35,7.0066434777233235
gep28,00,2023-09-09,2023-09-09,gcrew,noaa_gefs,28,AirTemp_C_mean,0,24.57565133231029
gep28,00,2023-09-09,2023-09-09,gcrew,noaa_gefs,28,RH_percent_mean,0,81.28700474330357
gep28,00,2023-09-09,2023-09-09,gcrew,noaa_gefs,28,Rain_mm_sum,0,9.989999949932098
gep28,00,2023-09-09,2023-09-09,gcrew,noaa_gefs,28,ShortwaveRadiation_Wm2,0,208.42857142857142
gep28,00,2023-09-09,2023-09-09,gcrew,noaa_gefs,28,WindSpeed_ms_mean,0,2.244640159790602
gep28,00,2023-09-09,2023-09-10,gcrew,noaa_gefs,28,AirTemp_C_mean,1,23.364217376709007
gep28,00,2023-09-09,2023-09-10,gcrew,noaa_gefs,28,RH_percent_mean,1,79.58796691894531
gep28,00,2023-09-09,2023-09-10,gcrew,noaa_gefs,28,Rain_mm_sum,1,2.1700000278651714
gep28,00,2023-09-09,2023-09-10,gcrew,noaa_gefs,28,ShortwaveRadiation_Wm2,1,106
gep28,00,2023-09-09,2023-09-10,gcrew,noaa_gefs,28,WindSpeed_ms_mean,1,2.0001020501904465
gep28,00,2023-09-09,2023-09-11,gcrew,noaa_gefs,28,AirTemp_C_mean,2,23.99094161987307
gep28,00,2023-09-09,2023-09-11,gcrew,noaa_gefs,28,RH_percent_mean,2,76.6868748664856
gep28,00,2023-09-09,2023-09-11,gcrew,noaa_gefs,28,Rain_mm_sum,2,14.520000278949738
gep28,00,2023-09-09,2023-09-11,gcrew,noaa_gefs,28,ShortwaveRadiation_Wm2,2,236.125
gep28,00,2023-09-09,2023-09-11,gcrew,noaa_gefs,28,WindSpeed_ms_mean,2,1.2761169694246208
gep28,00,2023-09-09,2023-09-12,gcrew,noaa_gefs,28,AirTemp_C_mean,3,24.883412933349632
gep28,00,2023-09-09,2023-09-12,gcrew,noaa_gefs,28,RH_percent_mean,3,71.71621131896973
gep28,00,2023-09-09,2023-09-12,gcrew,noaa_gefs,28,Rain_mm_sum,3,5.510000050067902
gep28,00,2023-09-09,2023-09-12,gcrew,noaa_gefs,28,ShortwaveRadiation_Wm2,3,235.5
gep28,00,2023-09-09,2023-09-12,gcrew,noaa_gefs,28,WindSpeed_ms_mean,3,2.631870711383254
gep28,00,2023-09-09,2023-09-13,gcrew,noaa_gefs,28,AirTemp_C_mean,4,22.81793365478518
gep28,00,2023-09-09,2023-09-13,gcrew,noaa_gefs,28,RH_percent_mean,4,73.45065355300903
gep28,00,2023-09-09,2023-09-13,gcrew,noaa_gefs,28,Rain_mm_sum,4,13.47999992966652
gep28,00,2023-09-09,2023-09-13,gcrew,noaa_gefs,28,ShortwaveRadiation_Wm2,4,134.25
gep28,00,2023-09-09,2023-09-13,gcrew,noaa_gefs,28,WindSpeed_ms_mean,4,3.913124752342366
gep28,00,2023-09-09,2023-09-14,gcrew,noaa_gefs,28,AirTemp_C_mean,5,21.205693817138695
gep28,00,2023-09-09,2023-09-14,gcrew,noaa_gefs,28,RH_percent_mean,5,50.70257902145386
gep28,00,2023-09-09,2023-09-14,gcrew,noaa_gefs,28,Rain_mm_sum,5,0.20000000298023224
gep28,00,2023-09-09,2023-09-14,gcrew,noaa_gefs,28,ShortwaveRadiation_Wm2,5,266.875
gep28,00,2023-09-09,2023-09-14,gcrew,noaa_gefs,28,WindSpeed_ms_mean,5,3.7478175500416757
gep28,00,2023-09-09,2023-09-15,gcrew,noaa_gefs,28,AirTemp_C_mean,6,20.683343505859398
gep28,00,2023-09-09,2023-09-15,gcrew,noaa_gefs,28,RH_percent_mean,6,51.90177011489868
gep28,00,2023-09-09,2023-09-15,gcrew,noaa_gefs,28,Rain_mm_sum,6,0
gep28,00,2023-09-09,2023-09-15,gcrew,noaa_gefs,28,ShortwaveRadiation_Wm2,6,267.125
gep28,00,2023-09-09,2023-09-15,gcrew,noaa_gefs,28,WindSpeed_ms_mean,6,4.967512346372693
gep28,00,2023-09-09,2023-09-16,gcrew,noaa_gefs,28,AirTemp_C_mean,7,21.02536544799807
gep28,00,2023-09-09,2023-09-16,gcrew,noaa_gefs,28,RH_percent_mean,7,53.187461853027344
gep28,00,2023-09-09,2023-09-16,gcrew,noaa_gefs,28,Rain_mm_sum,7,0
gep28,00,2023-09-09,2023-09-16,gcrew,noaa_gefs,28,ShortwaveRadiation_Wm2,7,267.25
gep28,00,2023-09-09,2023-09-16,gcrew,noaa_gefs,28,WindSpeed_ms_mean,7,4.777442492071275
gep28,00,2023-09-09,2023-09-17,gcrew,noaa_gefs,28,AirTemp_C_mean,8,21.546594238281273
gep28,00,2023-09-09,2023-09-17,gcrew,noaa_gefs,28,RH_percent_mean,8,53.33281660079956
gep28,00,2023-09-09,2023-09-17,gcrew,noaa_gefs,28,Rain_mm_sum,8,0
gep28,00,2023-09-09,2023-09-17,gcrew,noaa_gefs,28,ShortwaveRadiation_Wm2,8,259.625
gep28,00,2023-09-09,2023-09-17,gcrew,noaa_gefs,28,WindSpeed_ms_mean,8,1.228218844842356
gep28,00,2023-09-09,2023-09-18,gcrew,noaa_gefs,28,AirTemp_C_mean,9,22.745000457763695
gep28,00,2023-09-09,2023-09-18,gcrew,noaa_gefs,28,RH_percent_mean,9,58.80604076385498
gep28,00,2023-09-09,2023-09-18,gcrew,noaa_gefs,28,Rain_mm_sum,9,0.12000000104308128
gep28,00,2023-09-09,2023-09-18,gcrew,noaa_gefs,28,ShortwaveRadiation_Wm2,9,171.375
gep28,00,2023-09-09,2023-09-18,gcrew,noaa_gefs,28,WindSpeed_ms_mean,9,3.6700750408084533
gep28,00,2023-09-09,2023-09-19,gcrew,noaa_gefs,28,AirTemp_C_mean,10,21.85382232666018
gep28,00,2023-09-09,2023-09-19,gcrew,noaa_gefs,28,RH_percent_mean,10,51.910043716430664
gep28,00,2023-09-09,2023-09-19,gcrew,noaa_gefs,28,Rain_mm_sum,10,0
gep28,00,2023-09-09,2023-09-19,gcrew,noaa_gefs,28,ShortwaveRadiation_Wm2,10,222.75
gep28,00,2023-09-09,2023-09-19,gcrew,noaa_gefs,28,WindSpeed_ms_mean,10,4.17428520665981
gep28,00,2023-09-09,2023-09-20,gcrew,noaa_gefs,28,AirTemp_C_mean,11,20.50086364746096
gep28,00,2023-09-09,2023-09-20,gcrew,noaa_gefs,28,RH_percent_mean,11,56.514787673950195
gep28,00,2023-09-09,2023-09-20,gcrew,noaa_gefs,28,Rain_mm_sum,11,0
gep28,00,2023-09-09,2023-09-20,gcrew,noaa_gefs,28,ShortwaveRadiation_Wm2,11,223.75
gep28,00,2023-09-09,2023-09-20,gcrew,noaa_gefs,28,WindSpeed_ms_mean,11,3.8783071905583006
gep28,00,2023-09-09,2023-09-21,gcrew,noaa_gefs,28,AirTemp_C_mean,12,21.212396240234398
gep28,00,2023-09-09,2023-09-21,gcrew,noaa_gefs,28,RH_percent_mean,12,57.83141326904297
gep28,00,2023-09-09,2023-09-21,gcrew,noaa_gefs,28,Rain_mm_sum,12,0
gep28,00,2023-09-09,2023-09-21,gcrew,noaa_gefs,28,ShortwaveRadiation_Wm2,12,217.75
gep28,00,2023-09-09,2023-09-21,gcrew,noaa_gefs,28,WindSpeed_ms_mean,12,3.3514963749039914
gep28,00,2023-09-09,2023-09-22,gcrew,noaa_gefs,28,AirTemp_C_mean,13,23.03926239013674
gep28,00,2023-09-09,2023-09-22,gcrew,noaa_gefs,28,RH_percent_mean,13,61.35855007171631
gep28,00,2023-09-09,2023-09-22,gcrew,noaa_gefs,28,Rain_mm_sum,13,0
gep28,00,2023-09-09,2023-09-22,gcrew,noaa_gefs,28,ShortwaveRadiation_Wm2,13,219.75
gep28,00,2023-09-09,2023-09-22,gcrew,noaa_gefs,28,WindSpeed_ms_mean,13,1.8093905060696394
gep28,00,2023-09-09,2023-09-23,gcrew,noaa_gefs,28,AirTemp_C_mean,14,22.375588989257835
gep28,00,2023-09-09,2023-09-23,gcrew,noaa_gefs,28,RH_percent_mean,14,63.70778179168701
gep28,00,2023-09-09,2023-09-23,gcrew,noaa_gefs,28,Rain_mm_sum,14,0
gep28,00,2023-09-09,2023-09-23,gcrew,noaa_gefs,28,ShortwaveRadiation_Wm2,14,232
gep28,00,2023-09-09,2023-09-23,gcrew,noaa_gefs,28,WindSpeed_ms_mean,14,4.553198777918426
gep28,00,2023-09-09,2023-09-24,gcrew,noaa_gefs,28,AirTemp_C_mean,15,21.508035278320335
gep28,00,2023-09-09,2023-09-24,gcrew,noaa_gefs,28,RH_percent_mean,15,75.4688196182251
gep28,00,2023-09-09,2023-09-24,gcrew,noaa_gefs,28,Rain_mm_sum,15,0.20000000298023224
gep28,00,2023-09-09,2023-09-24,gcrew,noaa_gefs,28,ShortwaveRadiation_Wm2,15,161
gep28,00,2023-09-09,2023-09-24,gcrew,noaa_gefs,28,WindSpeed_ms_mean,15,5.2646868981549435
gep28,00,2023-09-09,2023-09-25,gcrew,noaa_gefs,28,AirTemp_C_mean,16,22.39338836669924
gep28,00,2023-09-09,2023-09-25,gcrew,noaa_gefs,28,RH_percent_mean,16,80.72414588928223
gep28,00,2023-09-09,2023-09-25,gcrew,noaa_gefs,28,Rain_mm_sum,16,0.700000025331974
gep28,00,2023-09-09,2023-09-25,gcrew,noaa_gefs,28,ShortwaveRadiation_Wm2,16,134.25
gep28,00,2023-09-09,2023-09-25,gcrew,noaa_gefs,28,WindSpeed_ms_mean,16,3.9959241047420417
gep28,00,2023-09-09,2023-09-26,gcrew,noaa_gefs,28,AirTemp_C_mean,17,21.122277832031273
gep28,00,2023-09-09,2023-09-26,gcrew,noaa_gefs,28,RH_percent_mean,17,91.78124618530273
gep28,00,2023-09-09,2023-09-26,gcrew,noaa_gefs,28,Rain_mm_sum,17,17.700000673532486
gep28,00,2023-09-09,2023-09-26,gcrew,noaa_gefs,28,ShortwaveRadiation_Wm2,17,71.75
gep28,00,2023-09-09,2023-09-26,gcrew,noaa_gefs,28,WindSpeed_ms_mean,17,4.524560070543811
gep28,00,2023-09-09,2023-09-27,gcrew,noaa_gefs,28,AirTemp_C_mean,18,21.53302917480471
gep28,00,2023-09-09,2023-09-27,gcrew,noaa_gefs,28,RH_percent_mean,18,94.12124061584473
gep28,00,2023-09-09,2023-09-27,gcrew,noaa_gefs,28,Rain_mm_sum,18,26.30000001192093
gep28,00,2023-09-09,2023-09-27,gcrew,noaa_gefs,28,ShortwaveRadiation_Wm2,18,45
gep28,00,2023-09-09,2023-09-27,gcrew,noaa_gefs,28,WindSpeed_ms_mean,18,3.4376454204120614
gep28,00,2023-09-09,2023-09-28,gcrew,noaa_gefs,28,AirTemp_C_mean,19,21.010675048828148
gep28,00,2023-09-09,2023-09-28,gcrew,noaa_gefs,28,RH_percent_mean,19,92.565582275390625
gep28,00,2023-09-09,2023-09-28,gcrew,noaa_gefs,28,Rain_mm_sum,19,16.90000021457672
gep28,00,2023-09-09,2023-09-28,gcrew,noaa_gefs,28,ShortwaveRadiation_Wm2,19,77
gep28,00,2023-09-09,2023-09-28,gcrew,noaa_gefs,28,WindSpeed_ms_mean,19,4.072877205063392
gep28,00,2023-09-09,2023-09-29,gcrew,noaa_gefs,28,AirTemp_C_mean,20,15.901658630371116
gep28,00,2023-09-09,2023-09-29,gcrew,noaa_gefs,28,RH_percent_mean,20,89.57869911193848
gep28,00,2023-09-09,2023-09-29,gcrew,noaa_gefs,28,Rain_mm_sum,20,13.20000046491623
gep28,00,2023-09-09,2023-09-29,gcrew,noaa_gefs,28,ShortwaveRadiation_Wm2,20,10
gep28,00,2023-09-09,2023-09-29,gcrew,noaa_gefs,28,WindSpeed_ms_mean,20,10.247166260311577
gep28,00,2023-09-09,2023-09-30,gcrew,noaa_gefs,28,AirTemp_C_mean,21,16.05395660400393
gep28,00,2023-09-09,2023-09-30,gcrew,noaa_gefs,28,RH_percent_mean,21,83.6533432006836
gep28,00,2023-09-09,2023-09-30,gcrew,noaa_gefs,28,Rain_mm_sum,21,2.200000062584877
gep28,00,2023-09-09,2023-09-30,gcrew,noaa_gefs,28,ShortwaveRadiation_Wm2,21,40.75
gep28,00,2023-09-09,2023-09-30,gcrew,noaa_gefs,28,WindSpeed_ms_mean,21,6.540632340833415
gep28,00,2023-09-09,2023-10-01,gcrew,noaa_gefs,28,AirTemp_C_mean,22,16.407647705078148
gep28,00,2023-09-09,2023-10-01,gcrew,noaa_gefs,28,RH_percent_mean,22,57.9601993560791
gep28,00,2023-09-09,2023-10-01,gcrew,noaa_gefs,28,Rain_mm_sum,22,0
gep28,00,2023-09-09,2023-10-01,gcrew,noaa_gefs,28,ShortwaveRadiation_Wm2,22,211.75
gep28,00,2023-09-09,2023-10-01,gcrew,noaa_gefs,28,WindSpeed_ms_mean,22,5.751839360697048
gep28,00,2023-09-09,2023-10-02,gcrew,noaa_gefs,28,AirTemp_C_mean,23,14.778672790527366
gep28,00,2023-09-09,2023-10-02,gcrew,noaa_gefs,28,RH_percent_mean,23,52.730899810791016
gep28,00,2023-09-09,2023-10-02,gcrew,noaa_gefs,28,Rain_mm_sum,23,0
gep28,00,2023-09-09,2023-10-02,gcrew,noaa_gefs,28,ShortwaveRadiation_Wm2,23,213
gep28,00,2023-09-09,2023-10-02,gcrew,noaa_gefs,28,WindSpeed_ms_mean,23,2.8789626857426764
gep28,00,2023-09-09,2023-10-03,gcrew,noaa_gefs,28,AirTemp_C_mean,24,19.176812744140648
gep28,00,2023-09-09,2023-10-03,gcrew,noaa_gefs,28,RH_percent_mean,24,79.48908996582031
gep28,00,2023-09-09,2023-10-03,gcrew,noaa_gefs,28,Rain_mm_sum,24,0
gep28,00,2023-09-09,2023-10-03,gcrew,noaa_gefs,28,ShortwaveRadiation_Wm2,24,204.5
gep28,00,2023-09-09,2023-10-03,gcrew,noaa_gefs,28,WindSpeed_ms_mean,24,2.91516139807672
gep28,00,2023-09-09,2023-10-04,gcrew,noaa_gefs,28,AirTemp_C_mean,25,22.34058532714846
gep28,00,2023-09-09,2023-10-04,gcrew,noaa_gefs,28,RH_percent_mean,25,75.36294078826904
gep28,00,2023-09-09,2023-10-04,gcrew,noaa_gefs,28,Rain_mm_sum,25,0
gep28,00,2023-09-09,2023-10-04,gcrew,noaa_gefs,28,ShortwaveRadiation_Wm2,25,210.75
gep28,00,2023-09-09,2023-10-04,gcrew,noaa_gefs,28,WindSpeed_ms_mean,25,2.9960568170531348
gep28,00,2023-09-09,2023-10-05,gcrew,noaa_gefs,28,AirTemp_C_mean,26,21.978173828125023
gep28,00,2023-09-09,2023-10-05,gcrew,noaa_gefs,28,RH_percent_mean,26,62.96555137634277
gep28,00,2023-09-09,2023-10-05,gcrew,noaa_gefs,28,Rain_mm_sum,26,0.30000000447034836
gep28,00,2023-09-09,2023-10-05,gcrew,noaa_gefs,28,ShortwaveRadiation_Wm2,26,181
gep28,00,2023-09-09,2023-10-05,gcrew,noaa_gefs,28,WindSpeed_ms_mean,26,5.094556622266271
gep28,00,2023-09-09,2023-10-06,gcrew,noaa_gefs,28,AirTemp_C_mean,27,17.76600799560549
gep28,00,2023-09-09,2023-10-06,gcrew,noaa_gefs,28,RH_percent_mean,27,66.44743537902832
gep28,00,2023-09-09,2023-10-06,gcrew,noaa_gefs,28,Rain_mm_sum,27,0
gep28,00,2023-09-09,2023-10-06,gcrew,noaa_gefs,28,ShortwaveRadiation_Wm2,27,141
gep28,00,2023-09-09,2023-10-06,gcrew,noaa_gefs,28,WindSpeed_ms_mean,27,4.729005513864134
gep28,00,2023-09-09,2023-10-07,gcrew,noaa_gefs,28,AirTemp_C_mean,28,16.294488525390648
gep28,00,2023-09-09,2023-10-07,gcrew,noaa_gefs,28,RH_percent_mean,28,53.386996269226074
gep28,00,2023-09-09,2023-10-07,gcrew,noaa_gefs,28,Rain_mm_sum,28,0
gep28,00,2023-09-09,2023-10-07,gcrew,noaa_gefs,28,ShortwaveRadiation_Wm2,28,189.75
gep28,00,2023-09-09,2023-10-07,gcrew,noaa_gefs,28,WindSpeed_ms_mean,28,3.770817246533188
gep28,00,2023-09-09,2023-10-08,gcrew,noaa_gefs,28,AirTemp_C_mean,29,16.038568115234398
gep28,00,2023-09-09,2023-10-08,gcrew,noaa_gefs,28,RH_percent_mean,29,62.47337341308594
gep28,00,2023-09-09,2023-10-08,gcrew,noaa_gefs,28,Rain_mm_sum,29,0
gep28,00,2023-09-09,2023-10-08,gcrew,noaa_gefs,28,ShortwaveRadiation_Wm2,29,182
gep28,00,2023-09-09,2023-10-08,gcrew,noaa_gefs,28,WindSpeed_ms_mean,29,4.436974656013027
gep28,00,2023-09-09,2023-10-09,gcrew,noaa_gefs,28,AirTemp_C_mean,30,18.04213104248049
gep28,00,2023-09-09,2023-10-09,gcrew,noaa_gefs,28,RH_percent_mean,30,64.63348579406738
gep28,00,2023-09-09,2023-10-09,gcrew,noaa_gefs,28,Rain_mm_sum,30,0.10000000149011612
gep28,00,2023-09-09,2023-10-09,gcrew,noaa_gefs,28,ShortwaveRadiation_Wm2,30,180.5
gep28,00,2023-09-09,2023-10-09,gcrew,noaa_gefs,28,WindSpeed_ms_mean,30,7.391516267652271
gep28,00,2023-09-09,2023-10-10,gcrew,noaa_gefs,28,AirTemp_C_mean,31,10.97205505371096
gep28,00,2023-09-09,2023-10-10,gcrew,noaa_gefs,28,RH_percent_mean,31,45.596985816955566
gep28,00,2023-09-09,2023-10-10,gcrew,noaa_gefs,28,Rain_mm_sum,31,0
gep28,00,2023-09-09,2023-10-10,gcrew,noaa_gefs,28,ShortwaveRadiation_Wm2,31,209.25
gep28,00,2023-09-09,2023-10-10,gcrew,noaa_gefs,28,WindSpeed_ms_mean,31,4.847591688904462
gep28,00,2023-09-09,2023-10-11,gcrew,noaa_gefs,28,AirTemp_C_mean,32,13.605989074707054
gep28,00,2023-09-09,2023-10-11,gcrew,noaa_gefs,28,RH_percent_mean,32,67.84227752685547
gep28,00,2023-09-09,2023-10-11,gcrew,noaa_gefs,28,Rain_mm_sum,32,0.10000000149011612
gep28,00,2023-09-09,2023-10-11,gcrew,noaa_gefs,28,ShortwaveRadiation_Wm2,32,119
gep28,00,2023-09-09,2023-10-11,gcrew,noaa_gefs,28,WindSpeed_ms_mean,32,4.346613717382562
gep28,00,2023-09-09,2023-10-12,gcrew,noaa_gefs,28,AirTemp_C_mean,33,20.219476318359398
gep28,00,2023-09-09,2023-10-12,gcrew,noaa_gefs,28,RH_percent_mean,33,86.41911506652832
gep28,00,2023-09-09,2023-10-12,gcrew,noaa_gefs,28,Rain_mm_sum,33,0.10000000149011612
gep28,00,2023-09-09,2023-10-12,gcrew,noaa_gefs,28,ShortwaveRadiation_Wm2,33,121
gep28,00,2023-09-09,2023-10-12,gcrew,noaa_gefs,28,WindSpeed_ms_mean,33,6.458461832002699
gep28,00,2023-09-09,2023-10-13,gcrew,noaa_gefs,28,AirTemp_C_mean,34,21.163812255859398
gep28,00,2023-09-09,2023-10-13,gcrew,noaa_gefs,28,RH_percent_mean,34,83.2275333404541
gep28,00,2023-09-09,2023-10-13,gcrew,noaa_gefs,28,Rain_mm_sum,34,26.900000289082527
gep28,00,2023-09-09,2023-10-13,gcrew,noaa_gefs,28,ShortwaveRadiation_Wm2,34,84.75
gep28,00,2023-09-09,2023-10-13,gcrew,noaa_gefs,28,WindSpeed_ms_mean,34,7.309394128531857
gep28,00,2023-09-09,2023-10-14,gcrew,noaa_gefs,28,AirTemp_C_mean,35,17.296502685546898
gep28,00,2023-09-09,2023-10-14,gcrew,noaa_gefs,28,RH_percent_mean,35,54.04242706298828
gep28,00,2023-09-09,2023-10-14,gcrew,noaa_gefs,28,Rain_mm_sum,35,0
gep28,00,2023-09-09,2023-10-14,gcrew,noaa_gefs,28,ShortwaveRadiation_Wm2,35,247
gep28,00,2023-09-09,2023-10-14,gcrew,noaa_gefs,28,WindSpeed_ms_mean,35,7.0066434777233235
gep29,00,2023-09-09,2023-09-09,gcrew,noaa_gefs,29,AirTemp_C_mean,0,24.57565133231029
gep29,00,2023-09-09,2023-09-09,gcrew,noaa_gefs,29,RH_percent_mean,0,81.28700474330357
gep29,00,2023-09-09,2023-09-09,gcrew,noaa_gefs,29,Rain_mm_sum,0,9.989999949932098
gep29,00,2023-09-09,2023-09-09,gcrew,noaa_gefs,29,ShortwaveRadiation_Wm2,0,208.42857142857142
gep29,00,2023-09-09,2023-09-09,gcrew,noaa_gefs,29,WindSpeed_ms_mean,0,2.244640159790602
gep29,00,2023-09-09,2023-09-10,gcrew,noaa_gefs,29,AirTemp_C_mean,1,23.364217376709007
gep29,00,2023-09-09,2023-09-10,gcrew,noaa_gefs,29,RH_percent_mean,1,79.58796691894531
gep29,00,2023-09-09,2023-09-10,gcrew,noaa_gefs,29,Rain_mm_sum,1,2.1700000278651714
gep29,00,2023-09-09,2023-09-10,gcrew,noaa_gefs,29,ShortwaveRadiation_Wm2,1,106
gep29,00,2023-09-09,2023-09-10,gcrew,noaa_gefs,29,WindSpeed_ms_mean,1,2.0001020501904465
gep29,00,2023-09-09,2023-09-11,gcrew,noaa_gefs,29,AirTemp_C_mean,2,23.99094161987307
gep29,00,2023-09-09,2023-09-11,gcrew,noaa_gefs,29,RH_percent_mean,2,76.6868748664856
gep29,00,2023-09-09,2023-09-11,gcrew,noaa_gefs,29,Rain_mm_sum,2,14.520000278949738
gep29,00,2023-09-09,2023-09-11,gcrew,noaa_gefs,29,ShortwaveRadiation_Wm2,2,236.125
gep29,00,2023-09-09,2023-09-11,gcrew,noaa_gefs,29,WindSpeed_ms_mean,2,1.2761169694246208
gep29,00,2023-09-09,2023-09-12,gcrew,noaa_gefs,29,AirTemp_C_mean,3,24.883412933349632
gep29,00,2023-09-09,2023-09-12,gcrew,noaa_gefs,29,RH_percent_mean,3,71.71621131896973
gep29,00,2023-09-09,2023-09-12,gcrew,noaa_gefs,29,Rain_mm_sum,3,5.510000050067902
gep29,00,2023-09-09,2023-09-12,gcrew,noaa_gefs,29,ShortwaveRadiation_Wm2,3,235.5
gep29,00,2023-09-09,2023-09-12,gcrew,noaa_gefs,29,WindSpeed_ms_mean,3,2.631870711383254
gep29,00,2023-09-09,2023-09-13,gcrew,noaa_gefs,29,AirTemp_C_mean,4,22.81793365478518
gep29,00,2023-09-09,2023-09-13,gcrew,noaa_gefs,29,RH_percent_mean,4,73.45065355300903
gep29,00,2023-09-09,2023-09-13,gcrew,noaa_gefs,29,Rain_mm_sum,4,13.47999992966652
gep29,00,2023-09-09,2023-09-13,gcrew,noaa_gefs,29,ShortwaveRadiation_Wm2,4,134.25
gep29,00,2023-09-09,2023-09-13,gcrew,noaa_gefs,29,WindSpeed_ms_mean,4,3.913124752342366
gep29,00,2023-09-09,2023-09-14,gcrew,noaa_gefs,29,AirTemp_C_mean,5,21.205693817138695
gep29,00,2023-09-09,2023-09-14,gcrew,noaa_gefs,29,RH_percent_mean,5,50.70257902145386
gep29,00,2023-09-09,2023-09-14,gcrew,noaa_gefs,29,Rain_mm_sum,5,0.20000000298023224
gep29,00,2023-09-09,2023-09-14,gcrew,noaa_gefs,29,ShortwaveRadiation_Wm2,5,266.875
gep29,00,2023-09-09,2023-09-14,gcrew,noaa_gefs,29,WindSpeed_ms_mean,5,3.7478175500416757
gep29,00,2023-09-09,2023-09-15,gcrew,noaa_gefs,29,AirTemp_C_mean,6,20.683343505859398
gep29,00,2023-09-09,2023-09-15,gcrew,noaa_gefs,29,RH_percent_mean,6,51.90177011489868
gep29,00,2023-09-09,2023-09-15,gcrew,noaa_gefs,29,Rain_mm_sum,6,0
gep29,00,2023-09-09,2023-09-15,gcrew,noaa_gefs,29,ShortwaveRadiation_Wm2,6,267.125
gep29,00,2023-09-09,2023-09-15,gcrew,noaa_gefs,29,WindSpeed_ms_mean,6,4.967512346372693
gep29,00,2023-09-09,2023-09-16,gcrew,noaa_gefs,29,AirTemp_C_mean,7,21.02536544799807
gep29,00,2023-09-09,2023-09-16,gcrew,noaa_gefs,29,RH_percent_mean,7,53.187461853027344
gep29,00,2023-09-09,2023-09-16,gcrew,noaa_gefs,29,Rain_mm_sum,7,0
gep29,00,2023-09-09,2023-09-16,gcrew,noaa_gefs,29,ShortwaveRadiation_Wm2,7,267.25
gep29,00,2023-09-09,2023-09-16,gcrew,noaa_gefs,29,WindSpeed_ms_mean,7,4.777442492071275
gep29,00,2023-09-09,2023-09-17,gcrew,noaa_gefs,29,AirTemp_C_mean,8,21.546594238281273
gep29,00,2023-09-09,2023-09-17,gcrew,noaa_gefs,29,RH_percent_mean,8,53.33281660079956
gep29,00,2023-09-09,2023-09-17,gcrew,noaa_gefs,29,Rain_mm_sum,8,0
gep29,00,2023-09-09,2023-09-17,gcrew,noaa_gefs,29,ShortwaveRadiation_Wm2,8,259.625
gep29,00,2023-09-09,2023-09-17,gcrew,noaa_gefs,29,WindSpeed_ms_mean,8,1.228218844842356
gep29,00,2023-09-09,2023-09-18,gcrew,noaa_gefs,29,AirTemp_C_mean,9,22.745000457763695
gep29,00,2023-09-09,2023-09-18,gcrew,noaa_gefs,29,RH_percent_mean,9,58.80604076385498
gep29,00,2023-09-09,2023-09-18,gcrew,noaa_gefs,29,Rain_mm_sum,9,0.12000000104308128
gep29,00,2023-09-09,2023-09-18,gcrew,noaa_gefs,29,ShortwaveRadiation_Wm2,9,171.375
gep29,00,2023-09-09,2023-09-18,gcrew,noaa_gefs,29,WindSpeed_ms_mean,9,3.6700750408084533
gep29,00,2023-09-09,2023-09-19,gcrew,noaa_gefs,29,AirTemp_C_mean,10,21.85382232666018
gep29,00,2023-09-09,2023-09-19,gcrew,noaa_gefs,29,RH_percent_mean,10,51.910043716430664
gep29,00,2023-09-09,2023-09-19,gcrew,noaa_gefs,29,Rain_mm_sum,10,0
gep29,00,2023-09-09,2023-09-19,gcrew,noaa_gefs,29,ShortwaveRadiation_Wm2,10,222.75
gep29,00,2023-09-09,2023-09-19,gcrew,noaa_gefs,29,WindSpeed_ms_mean,10,4.17428520665981
gep29,00,2023-09-09,2023-09-20,gcrew,noaa_gefs,29,AirTemp_C_mean,11,20.50086364746096
gep29,00,2023-09-09,2023-09-20,gcrew,noaa_gefs,29,RH_percent_mean,11,56.514787673950195
gep29,00,2023-09-09,2023-09-20,gcrew,noaa_gefs,29,Rain_mm_sum,11,0
gep29,00,2023-09-09,2023-09-20,gcrew,noaa_gefs,29,ShortwaveRadiation_Wm2,11,223.75
gep29,00,2023-09-09,2023-09-20,gcrew,noaa_gefs,29,WindSpeed_ms_mean,11,3.8783071905583006
gep29,00,2023-09-09,2023-09-21,gcrew,noaa_gefs,29,AirTemp_C_mean,12,21.212396240234398
gep29,00,2023-09-09,2023-09-21,gcrew,noaa_gefs,29,RH_percent_mean,12,57.83141326904297
gep29,00,2023-09-09,2023-09-21,gcrew,noaa_gefs,29,Rain_mm_sum,12,0
gep29,00,2023-09-09,2023-09-21,gcrew,noaa_gefs,29,ShortwaveRadiation_Wm2,12,217.75
gep29,00,2023-09-09,2023-09-21,gcrew,noaa_gefs,29,WindSpeed_ms_mean,12,3.3514963749039914
gep29,00,2023-09-09,2023-09-22,gcrew,noaa_gefs,29,AirTemp_C_mean,13,23.03926239013674
gep29,00,2023-09-09,2023-09-22,gcrew,noaa_gefs,29,RH_percent_mean,13,61.35855007171631
gep29,00,2023-09-09,2023-09-22,gcrew,noaa_gefs,29,Rain_mm_sum,13,0
gep29,00,2023-09-09,2023-09-22,gcrew,noaa_gefs,29,ShortwaveRadiation_Wm2,13,219.75
gep29,00,2023-09-09,2023-09-22,gcrew,noaa_gefs,29,WindSpeed_ms_mean,13,1.8093905060696394
gep29,00,2023-09-09,2023-09-23,gcrew,noaa_gefs,29,AirTemp_C_mean,14,22.375588989257835
gep29,00,2023-09-09,2023-09-23,gcrew,noaa_gefs,29,RH_percent_mean,14,63.70778179168701
gep29,00,2023-09-09,2023-09-23,gcrew,noaa_gefs,29,Rain_mm_sum,14,0
gep29,00,2023-09-09,2023-09-23,gcrew,noaa_gefs,29,ShortwaveRadiation_Wm2,14,232
gep29,00,2023-09-09,2023-09-23,gcrew,noaa_gefs,29,WindSpeed_ms_mean,14,4.553198777918426
gep29,00,2023-09-09,2023-09-24,gcrew,noaa_gefs,29,AirTemp_C_mean,15,21.508035278320335
gep29,00,2023-09-09,2023-09-24,gcrew,noaa_gefs,29,RH_percent_mean,15,75.4688196182251
gep29,00,2023-09-09,2023-09-24,gcrew,noaa_gefs,29,Rain_mm_sum,15,0.20000000298023224
gep29,00,2023-09-09,2023-09-24,gcrew,noaa_gefs,29,ShortwaveRadiation_Wm2,15,161
gep29,00,2023-09-09,2023-09-24,gcrew,noaa_gefs,29,WindSpeed_ms_mean,15,5.2646868981549435
gep29,00,2023-09-09,2023-09-25,gcrew,noaa_gefs,29,AirTemp_C_mean,16,22.39338836669924
gep29,00,2023-09-09,2023-09-25,gcrew,noaa_gefs,29,RH_percent_mean,16,80.72414588928223
gep29,00,2023-09-09,2023-09-25,gcrew,noaa_gefs,29,Rain_mm_sum,16,0.700000025331974
gep29,00,2023-09-09,2023-09-25,gcrew,noaa_gefs,29,ShortwaveRadiation_Wm2,16,134.25
gep29,00,2023-09-09,2023-09-25,gcrew,noaa_gefs,29,WindSpeed_ms_mean,16,3.9959241047420417
gep29,00,2023-09-09,2023-09-26,gcrew,noaa_gefs,29,AirTemp_C_mean,17,21.122277832031273
gep29,00,2023-09-09,2023-09-26,gcrew,noaa_gefs,29,RH_percent_mean,17,91.78124618530273
gep29,00,2023-09-09,2023-09-26,gcrew,noaa_gefs,29,Rain_mm_sum,17,17.700000673532486
gep29,00,2023-09-09,2023-09-26,gcrew,noaa_gefs,29,ShortwaveRadiation_Wm2,17,71.75
gep29,00,2023-09-09,2023-09-26,gcrew,noaa_gefs,29,WindSpeed_ms_mean,17,4.524560070543811
gep29,00,2023-09-09,2023-09-27,gcrew,noaa_gefs,29,AirTemp_C_mean,18,21.53302917480471
gep29,00,2023-09-09,2023-09-27,gcrew,noaa_gefs,29,RH_percent_mean,18,94.12124061584473
gep29,00,2023-09-09,2023-09-27,gcrew,noaa_gefs,29,Rain_mm_sum,18,26.30000001192093
gep29,00,2023-09-09,2023-09-27,gcrew,noaa_gefs,29,ShortwaveRadiation_Wm2,18,45
gep29,00,2023-09-09,2023-09-27,gcrew,noaa_gefs,29,WindSpeed_ms_mean,18,3.4376454204120614
gep29,00,2023-09-09,2023-09-28,gcrew,noaa_gefs,29,AirTemp_C_mean,19,21.010675048828148
gep29,00,2023-09-09,2023-09-28,gcrew,noaa_gefs,29,RH_percent_mean,19,92.565582275390625
gep29,00,2023-09-09,2023-09-28,gcrew,noaa_gefs,29,Rain_mm_sum,19,16.90000021457672
gep29,00,2023-09-09,2023-09-28,gcrew,noaa_gefs,29,ShortwaveRadiation_Wm2,19,77
gep29,00,2023-09-09,2023-09-28,gcrew,noaa_gefs,29,WindSpeed_ms_mean,19,4.072877205063392
gep29,00,2023-09-09,2023-09-29,gcrew,noaa_gefs,29,AirTemp_C_mean,20,15.901658630371116
gep29,00,2023-09-09,2023-09-29,gcrew,noaa_gefs,29,RH_percent_mean,20,89.57869911193848
gep29,00,2023-09-09,2023-09-29,gcrew,noaa_gefs,29,Rain_mm_sum,20,13.20000046491623
gep29,00,2023-09-09,2023-09-29,gcrew,noaa_gefs,29,ShortwaveRadiation_Wm2,20,10
gep29,00,2023-09-09,2023-09-29,gcrew,noaa_gefs,29,WindSpeed_ms_mean,20,10.247166260311577
gep29,00,2023-09-09,2023-09-30,gcrew,noaa_gefs,29,AirTemp_C_mean,21,16.05395660400393
gep29,00,2023-09-09,2023-09-30,gcrew,noaa_gefs,29,RH_percent_mean,21,83.6533432006836
gep29,00,2023-09-09,2023-09-30,gcrew,noaa_gefs,29,Rain_mm_sum,21,2.200000062584877
gep29,00,2023-09-09,2023-09-30,gcrew,noaa_gefs,29,ShortwaveRadiation_Wm2,21,40.75
gep29,00,2023-09-09,2023-09-30,gcrew,noaa_gefs,29,WindSpeed_ms_mean,21,6.540632340833415
gep29,00,2023-09-09,2023-10-01,gcrew,noaa_gefs,29,AirTemp_C_mean,22,16.407647705078148
gep29,00,2023-09-09,2023-10-01,gcrew,noaa_gefs,29,RH_percent_mean,22,57.9601993560791
gep29,00,2023-09-09,2023-10-01,gcrew,noaa_gefs,29,Rain_mm_sum,22,0
gep29,00,2023-09-09,2023-10-01,gcrew,noaa_gefs,29,ShortwaveRadiation_Wm2,22,211.75
gep29,00,2023-09-09,2023-10-01,gcrew,noaa_gefs,29,WindSpeed_ms_mean,22,5.751839360697048
gep29,00,2023-09-09,2023-10-02,gcrew,noaa_gefs,29,AirTemp_C_mean,23,14.778672790527366
gep29,00,2023-09-09,2023-10-02,gcrew,noaa_gefs,29,RH_percent_mean,23,52.730899810791016
gep29,00,2023-09-09,2023-10-02,gcrew,noaa_gefs,29,Rain_mm_sum,23,0
gep29,00,2023-09-09,2023-10-02,gcrew,noaa_gefs,29,ShortwaveRadiation_Wm2,23,213
gep29,00,2023-09-09,2023-10-02,gcrew,noaa_gefs,29,WindSpeed_ms_mean,23,2.8789626857426764
gep29,00,2023-09-09,2023-10-03,gcrew,noaa_gefs,29,AirTemp_C_mean,24,19.176812744140648
gep29,00,2023-09-09,2023-10-03,gcrew,noaa_gefs,29,RH_percent_mean,24,79.48908996582031
gep29,00,2023-09-09,2023-10-03,gcrew,noaa_gefs,29,Rain_mm_sum,24,0
gep29,00,2023-09-09,2023-10-03,gcrew,noaa_gefs,29,ShortwaveRadiation_Wm2,24,204.5
gep29,00,2023-09-09,2023-10-03,gcrew,noaa_gefs,29,WindSpeed_ms_mean,24,2.91516139807672
gep29,00,2023-09-09,2023-10-04,gcrew,noaa_gefs,29,AirTemp_C_mean,25,22.34058532714846
gep29,00,2023-09-09,2023-10-04,gcrew,noaa_gefs,29,RH_percent_mean,25,75.36294078826904
gep29,00,2023-09-09,2023-10-04,gcrew,noaa_gefs,29,Rain_mm_sum,25,0
gep29,00,2023-09-09,2023-10-04,gcrew,noaa_gefs,29,ShortwaveRadiation_Wm2,25,210.75
gep29,00,2023-09-09,2023-10-04,gcrew,noaa_gefs,29,WindSpeed_ms_mean,25,2.9960568170531348
gep29,00,2023-09-09,2023-10-05,gcrew,noaa_gefs,29,AirTemp_C_mean,26,21.978173828125023
gep29,00,2023-09-09,2023-10-05,gcrew,noaa_gefs,29,RH_percent_mean,26,62.96555137634277
gep29,00,2023-09-09,2023-10-05,gcrew,noaa_gefs,29,Rain_mm_sum,26,0.30000000447034836
gep29,00,2023-09-09,2023-10-05,gcrew,noaa_gefs,29,ShortwaveRadiation_Wm2,26,181
gep29,00,2023-09-09,2023-10-05,gcrew,noaa_gefs,29,WindSpeed_ms_mean,26,5.094556622266271
gep29,00,2023-09-09,2023-10-06,gcrew,noaa_gefs,29,AirTemp_C_mean,27,17.76600799560549
gep29,00,2023-09-09,2023-10-06,gcrew,noaa_gefs,29,RH_percent_mean,27,66.44743537902832
gep29,00,2023-09-09,2023-10-06,gcrew,noaa_gefs,29,Rain_mm_sum,27,0
gep29,00,2023-09-09,2023-10-06,gcrew,noaa_gefs,29,ShortwaveRadiation_Wm2,27,141
gep29,00,2023-09-09,2023-10-06,gcrew,noaa_gefs,29,WindSpeed_ms_mean,27,4.729005513864134
gep29,00,2023-09-09,2023-10-07,gcrew,noaa_gefs,29,AirTemp_C_mean,28,16.294488525390648
gep29,00,2023-09-09,2023-10-07,gcrew,noaa_gefs,29,RH_percent_mean,28,53.386996269226074
gep29,00,2023-09-09,2023-10-07,gcrew,noaa_gefs,29,Rain_mm_sum,28,0
gep29,00,2023-09-09,2023-10-07,gcrew,noaa_gefs,29,ShortwaveRadiation_Wm2,28,189.75
gep29,00,2023-09-09,2023-10-07,gcrew,noaa_gefs,29,WindSpeed_ms_mean,28,3.770817246533188
gep29,00,2023-09-09,2023-10-08,gcrew,noaa_gefs,29,AirTemp_C_mean,29,16.038568115234398
gep29,00,2023-09-09,2023-10-08,gcrew,noaa_gefs,29,RH_percent_mean,29,62.47337341308594
gep29,00,2023-09-09,2023-10-08,gcrew,noaa_gefs,29,Rain_mm_sum,29,0
gep29,00,2023-09-09,2023-10-08,gcrew,noaa_gefs,29,ShortwaveRadiation_Wm2,29,182
gep29,00,2023-09-09,2023-10-08,gcrew,noaa_gefs,29,WindSpeed_ms_mean,29,4.436974656013027
gep29,00,2023-09-09,2023-10-09,gcrew,noaa_gefs,29,AirTemp_C_mean,30,18.04213104248049
gep29,00,2023-09-09,2023-10-09,gcrew,noaa_gefs,29,RH_percent_mean,30,64.63348579406738
gep29,00,2023-09-09,2023-10-09,gcrew,noaa_gefs,29,Rain_mm_sum,30,0.10000000149011612
gep29,00,2023-09-09,2023-10-09,gcrew,noaa_gefs,29,ShortwaveRadiation_Wm2,30,180.5
gep29,00,2023-09-09,2023-10-09,gcrew,noaa_gefs,29,WindSpeed_ms_mean,30,7.391516267652271
gep29,00,2023-09-09,2023-10-10,gcrew,noaa_gefs,29,AirTemp_C_mean,31,10.97205505371096
gep29,00,2023-09-09,2023-10-10,gcrew,noaa_gefs,29,RH_percent_mean,31,45.596985816955566
gep29,00,2023-09-09,2023-10-10,gcrew,noaa_gefs,29,Rain_mm_sum,31,0
gep29,00,2023-09-09,2023-10-10,gcrew,noaa_gefs,29,ShortwaveRadiation_Wm2,31,209.25
gep29,00,2023-09-09,2023-10-10,gcrew,noaa_gefs,29,WindSpeed_ms_mean,31,4.847591688904462
gep29,00,2023-09-09,2023-10-11,gcrew,noaa_gefs,29,AirTemp_C_mean,32,13.605989074707054
gep29,00,2023-09-09,2023-10-11,gcrew,noaa_gefs,29,RH_percent_mean,32,67.84227752685547
gep29,00,2023-09-09,2023-10-11,gcrew,noaa_gefs,29,Rain_mm_sum,32,0.10000000149011612
gep29,00,2023-09-09,2023-10-11,gcrew,noaa_gefs,29,ShortwaveRadiation_Wm2,32,119
gep29,00,2023-09-09,2023-10-11,gcrew,noaa_gefs,29,WindSpeed_ms_mean,32,4.346613717382562
gep29,00,2023-09-09,2023-10-12,gcrew,noaa_gefs,29,AirTemp_C_mean,33,20.219476318359398
gep29,00,2023-09-09,2023-10-12,gcrew,noaa_gefs,29,RH_percent_mean,33,86.41911506652832
gep29,00,2023-09-09,2023-10-12,gcrew,noaa_gefs,29,Rain_mm_sum,33,0.10000000149011612
gep29,00,2023-09-09,2023-10-12,gcrew,noaa_gefs,29,ShortwaveRadiation_Wm2,33,121
gep29,00,2023-09-09,2023-10-12,gcrew,noaa_gefs,29,WindSpeed_ms_mean,33,6.458461832002699
gep29,00,2023-09-09,2023-10-13,gcrew,noaa_gefs,29,AirTemp_C_mean,34,21.163812255859398
gep29,00,2023-09-09,2023-10-13,gcrew,noaa_gefs,29,RH_percent_mean,34,83.2275333404541
gep29,00,2023-09-09,2023-10-13,gcrew,noaa_gefs,29,Rain_mm_sum,34,26.900000289082527
gep29,00,2023-09-09,2023-10-13,gcrew,noaa_gefs,29,ShortwaveRadiation_Wm2,34,84.75
gep29,00,2023-09-09,2023-10-13,gcrew,noaa_gefs,29,WindSpeed_ms_mean,34,7.309394128531857
gep29,00,2023-09-09,2023-10-14,gcrew,noaa_gefs,29,AirTemp_C_mean,35,17.296502685546898
gep29,00,2023-09-09,2023-10-14,gcrew,noaa_gefs,29,RH_percent_mean,35,54.04242706298828
gep29,00,2023-09-09,2023-10-14,gcrew,noaa_gefs,29,Rain_mm_sum,35,0
gep29,00,2023-09-09,2023-10-14,gcrew,noaa_gefs,29,ShortwaveRadiation_Wm2,35,247
gep29,00,2023-09-09,2023-10-14,gcrew,noaa_gefs,29,WindSpeed_ms_mean,35,7.0066434777233235
gep30,00,2023-09-09,2023-09-09,gcrew,noaa_gefs,30,AirTemp_C_mean,0,24.57565133231029
gep30,00,2023-09-09,2023-09-09,gcrew,noaa_gefs,30,RH_percent_mean,0,81.28700474330357
gep30,00,2023-09-09,2023-09-09,gcrew,noaa_gefs,30,Rain_mm_sum,0,9.989999949932098
gep30,00,2023-09-09,2023-09-09,gcrew,noaa_gefs,30,ShortwaveRadiation_Wm2,0,208.42857142857142
gep30,00,2023-09-09,2023-09-09,gcrew,noaa_gefs,30,WindSpeed_ms_mean,0,2.244640159790602
gep30,00,2023-09-09,2023-09-10,gcrew,noaa_gefs,30,AirTemp_C_mean,1,23.364217376709007
gep30,00,2023-09-09,2023-09-10,gcrew,noaa_gefs,30,RH_percent_mean,1,79.58796691894531
gep30,00,2023-09-09,2023-09-10,gcrew,noaa_gefs,30,Rain_mm_sum,1,2.1700000278651714
gep30,00,2023-09-09,2023-09-10,gcrew,noaa_gefs,30,ShortwaveRadiation_Wm2,1,106
gep30,00,2023-09-09,2023-09-10,gcrew,noaa_gefs,30,WindSpeed_ms_mean,1,2.0001020501904465
gep30,00,2023-09-09,2023-09-11,gcrew,noaa_gefs,30,AirTemp_C_mean,2,23.99094161987307
gep30,00,2023-09-09,2023-09-11,gcrew,noaa_gefs,30,RH_percent_mean,2,76.6868748664856
gep30,00,2023-09-09,2023-09-11,gcrew,noaa_gefs,30,Rain_mm_sum,2,14.520000278949738
gep30,00,2023-09-09,2023-09-11,gcrew,noaa_gefs,30,ShortwaveRadiation_Wm2,2,236.125
gep30,00,2023-09-09,2023-09-11,gcrew,noaa_gefs,30,WindSpeed_ms_mean,2,1.2761169694246208
gep30,00,2023-09-09,2023-09-12,gcrew,noaa_gefs,30,AirTemp_C_mean,3,24.883412933349632
gep30,00,2023-09-09,2023-09-12,gcrew,noaa_gefs,30,RH_percent_mean,3,71.71621131896973
gep30,00,2023-09-09,2023-09-12,gcrew,noaa_gefs,30,Rain_mm_sum,3,5.510000050067902
gep30,00,2023-09-09,2023-09-12,gcrew,noaa_gefs,30,ShortwaveRadiation_Wm2,3,235.5
gep30,00,2023-09-09,2023-09-12,gcrew,noaa_gefs,30,WindSpeed_ms_mean,3,2.631870711383254
gep30,00,2023-09-09,2023-09-13,gcrew,noaa_gefs,30,AirTemp_C_mean,4,22.81793365478518
gep30,00,2023-09-09,2023-09-13,gcrew,noaa_gefs,30,RH_percent_mean,4,73.45065355300903
gep30,00,2023-09-09,2023-09-13,gcrew,noaa_gefs,30,Rain_mm_sum,4,13.47999992966652
gep30,00,2023-09-09,2023-09-13,gcrew,noaa_gefs,30,ShortwaveRadiation_Wm2,4,134.25
gep30,00,2023-09-09,2023-09-13,gcrew,noaa_gefs,30,WindSpeed_ms_mean,4,3.913124752342366
gep30,00,2023-09-09,2023-09-14,gcrew,noaa_gefs,30,AirTemp_C_mean,5,21.205693817138695
gep30,00,2023-09-09,2023-09-14,gcrew,noaa_gefs,30,RH_percent_mean,5,50.70257902145386
gep30,00,2023-09-09,2023-09-14,gcrew,noaa_gefs,30,Rain_mm_sum,5,0.20000000298023224
gep30,00,2023-09-09,2023-09-14,gcrew,noaa_gefs,30,ShortwaveRadiation_Wm2,5,266.875
gep30,00,2023-09-09,2023-09-14,gcrew,noaa_gefs,30,WindSpeed_ms_mean,5,3.7478175500416757
gep30,00,2023-09-09,2023-09-15,gcrew,noaa_gefs,30,AirTemp_C_mean,6,20.683343505859398
gep30,00,2023-09-09,2023-09-15,gcrew,noaa_gefs,30,RH_percent_mean,6,51.90177011489868
gep30,00,2023-09-09,2023-09-15,gcrew,noaa_gefs,30,Rain_mm_sum,6,0
gep30,00,2023-09-09,2023-09-15,gcrew,noaa_gefs,30,ShortwaveRadiation_Wm2,6,267.125
gep30,00,2023-09-09,2023-09-15,gcrew,noaa_gefs,30,WindSpeed_ms_mean,6,4.967512346372693
gep30,00,2023-09-09,2023-09-16,gcrew,noaa_gefs,30,AirTemp_C_mean,7,21.02536544799807
gep30,00,2023-09-09,2023-09-16,gcrew,noaa_gefs,30,RH_percent_mean,7,53.187461853027344
gep30,00,2023-09-09,2023-09-16,gcrew,noaa_gefs,30,Rain_mm_sum,7,0
gep30,00,2023-09-09,2023-09-16,gcrew,noaa_gefs,30,ShortwaveRadiation_Wm2,7,267.25
gep30,00,2023-09-09,2023-09-16,gcrew,noaa_gefs,30,WindSpeed_ms_mean,7,4.777442492071275
gep30,00,2023-09-09,2023-09-17,gcrew,noaa_gefs,30,AirTemp_C_mean,8,21.546594238281273
gep30,00,2023-09-09,2023-09-17,gcrew,noaa_gefs,30,RH_percent_mean,8,53.33281660079956
gep30,00,2023-09-09,2023-09-17,gcrew,noaa_gefs,30,Rain_mm_sum,8,0
gep30,00,2023-09-09,2023-09-17,gcrew,noaa_gefs,30,ShortwaveRadiation_Wm2,8,259.625
gep30,00,2023-09-09,2023-09-17,gcrew,noaa_gefs,30,WindSpeed_ms_mean,8,1.228218844842356
gep30,00,2023-09-09,2023-09-18,gcrew,noaa_gefs,30,AirTemp_C_mean,9,22.745000457763695
gep30,00,2023-09-09,2023-09-18,gcrew,noaa_gefs,30,RH_percent_mean,9,58.80604076385498
gep30,00,2023-09-09,2023-09-18,gcrew,noaa_gefs,30,Rain_mm_sum,9,0.12000000104308128
gep30,00,2023-09-09,2023-09-18,gcrew,noaa_gefs,30,ShortwaveRadiation_Wm2,9,171.375
gep30,00,2023-09-09,2023-09-18,gcrew,noaa_gefs,30,WindSpeed_ms_mean,9,3.6700750408084533
gep30,00,2023-09-09,2023-09-19,gcrew,noaa_gefs,30,AirTemp_C_mean,10,21.85382232666018
gep30,00,2023-09-09,2023-09-19,gcrew,noaa_gefs,30,RH_percent_mean,10,51.910043716430664
gep30,00,2023-09-09,2023-09-19,gcrew,noaa_gefs,30,Rain_mm_sum,10,0
gep30,00,2023-09-09,2023-09-19,gcrew,noaa_gefs,30,ShortwaveRadiation_Wm2,10,222.75
gep30,00,2023-09-09,2023-09-19,gcrew,noaa_gefs,30,WindSpeed_ms_mean,10,4.17428520665981
gep30,00,2023-09-09,2023-09-20,gcrew,noaa_gefs,30,AirTemp_C_mean,11,20.50086364746096
gep30,00,2023-09-09,2023-09-20,gcrew,noaa_gefs,30,RH_percent_mean,11,56.514787673950195
gep30,00,2023-09-09,2023-09-20,gcrew,noaa_gefs,30,Rain_mm_sum,11,0
gep30,00,2023-09-09,2023-09-20,gcrew,noaa_gefs,30,ShortwaveRadiation_Wm2,11,223.75
gep30,00,2023-09-09,2023-09-20,gcrew,noaa_gefs,30,WindSpeed_ms_mean,11,3.8783071905583006
gep30,00,2023-09-09,2023-09-21,gcrew,noaa_gefs,30,AirTemp_C_mean,12,21.212396240234398
gep30,00,2023-09-09,2023-09-21,gcrew,noaa_gefs,30,RH_percent_mean,12,57.83141326904297
gep30,00,2023-09-09,2023-09-21,gcrew,noaa_gefs,30,Rain_mm_sum,12,0
gep30,00,2023-09-09,2023-09-21,gcrew,noaa_gefs,30,ShortwaveRadiation_Wm2,12,217.75
gep30,00,2023-09-09,2023-09-21,gcrew,noaa_gefs,30,WindSpeed_ms_mean,12,3.3514963749039914
gep30,00,2023-09-09,2023-09-22,gcrew,noaa_gefs,30,AirTemp_C_mean,13,23.03926239013674
gep30,00,2023-09-09,2023-09-22,gcrew,noaa_gefs,30,RH_percent_mean,13,61.35855007171631
gep30,00,2023-09-09,2023-09-22,gcrew,noaa_gefs,30,Rain_mm_sum,13,0
gep30,00,2023-09-09,2023-09-22,gcrew,noaa_gefs,30,ShortwaveRadiation_Wm2,13,219.75
gep30,00,2023-09-09,2023-09-22,gcrew,noaa_gefs,30,WindSpeed_ms_mean,13,1.8093905060696394
gep30,00,2023-09-09,2023-09-23,gcrew,noaa_gefs,30,AirTemp_C_mean,14,22.375588989257835
gep30,00,2023-09-09,2023-09-23,gcrew,noaa_gefs,30,RH_percent_mean,14,63.70778179168701
gep30,00,2023-09-09,2023-09-23,gcrew,noaa_gefs,30,Rain_mm_sum,14,0
gep30,00,2023-09-09,2023-09-23,gcrew,noaa_gefs,30,ShortwaveRadiation_Wm2,14,232
gep30,00,2023-09-09,2023-09-23,gcrew,noaa_gefs,30,WindSpeed_ms_mean,14,4.553198777918426
gep30,00,2023-09-09,2023-09-24,gcrew,noaa_gefs,30,AirTemp_C_mean,15,21.508035278320335
gep30,00,2023-09-09,2023-09-24,gcrew,noaa_gefs,30,RH_percent_mean,15,75.4688196182251
gep30,00,2023-09-09,2023-09-24,gcrew,noaa_gefs,30,Rain_mm_sum,15,0.20000000298023224
gep30,00,2023-09-09,2023-09-24,gcrew,noaa_gefs,30,ShortwaveRadiation_Wm2,15,161
gep30,00,2023-09-09,2023-09-24,gcrew,noaa_gefs,30,WindSpeed_ms_mean,15,5.2646868981549435
gep30,00,2023-09-09,2023-09-25,gcrew,noaa_gefs,30,AirTemp_C_mean,16,22.39338836669924
gep30,00,2023-09-09,2023-09-25,gcrew,noaa_gefs,30,RH_percent_mean,16,80.72414588928223
gep30,00,2023-09-09,2023-09-25,gcrew,noaa_gefs,30,Rain_mm_sum,16,0.700000025331974
gep30,00,2023-09-09,2023-09-25,gcrew,noaa_gefs,30,ShortwaveRadiation_Wm2,16,134.25
gep30,00,2023-09-09,2023-09-25,gcrew,noaa_gefs,30,WindSpeed_ms_mean,16,3.9959241047420417
gep30,00,2023-09-09,2023-09-26,gcrew,noaa_gefs,30,AirTemp_C_mean,17,21.122277832031273
gep30,00,2023-09-09,2023-09-26,gcrew,noaa_gefs,30,RH_percent_mean,17,91.78124618530273
gep30,00,2023-09-09,2023-09-26,gcrew,noaa_gefs,30,Rain_mm_sum,17,17.700000673532486
gep30,00,2023-09-09,2023-09-26,gcrew,noaa_gefs,30,ShortwaveRadiation_Wm2,17,71.75
gep30,00,2023-09-09,2023-09-26,gcrew,noaa_gefs,30,WindSpeed_ms_mean,17,4.524560070543811
gep30,00,2023-09-09,2023-09-27,gcrew,noaa_gefs,30,AirTemp_C_mean,18,21.53302917480471
gep30,00,2023-09-09,2023-09-27,gcrew,noaa_gefs,30,RH_percent_mean,18,94.12124061584473
gep30,00,2023-09-09,2023-09-27,gcrew,noaa_gefs,30,Rain_mm_sum,18,26.30000001192093
gep30,00,2023-09-09,2023-09-27,gcrew,noaa_gefs,30,ShortwaveRadiation_Wm2,18,45
gep30,00,2023-09-09,2023-09-27,gcrew,noaa_gefs,30,WindSpeed_ms_mean,18,3.4376454204120614
gep30,00,2023-09-09,2023-09-28,gcrew,noaa_gefs,30,AirTemp_C_mean,19,21.010675048828148
gep30,00,2023-09-09,2023-09-28,gcrew,noaa_gefs,30,RH_percent_mean,19,92.565582275390625
gep30,00,2023-09-09,2023-09-28,gcrew,noaa_gefs,30,Rain_mm_sum,19,16.90000021457672
gep30,00,2023-09-09,2023-09-28,gcrew,noaa_gefs,30,ShortwaveRadiation_Wm2,19,77
gep30,00,2023-09-09,2023-09-28,gcrew,noaa_gefs,30,WindSpeed_ms_mean,19,4.072877205063392
gep30,00,2023-09-09,2023-09-29,gcrew,noaa_gefs,30,AirTemp_C_mean,20,15.901658630371116
gep30,00,2023-09-09,2023-09-29,gcrew,noaa_gefs,30,RH_percent_mean,20,89.57869911193848
gep30,00,2023-09-09,2023-09-29,gcrew,noaa_gefs,30,Rain_mm_sum,20,13.20000046491623
gep30,00,2023-09-09,2023-09-29,gcrew,noaa_gefs,30,ShortwaveRadiation_Wm2,20,10
gep30,00,2023-09-09,2023-09-29,gcrew,noaa_gefs,30,WindSpeed_ms_mean,20,10.247166260311577
gep30,00,2023-09-09,2023-09-30,gcrew,noaa_gefs,30,AirTemp_C_mean,21,16.05395660400393
gep30,00,2023-09-09,2023-09-30,gcrew,noaa_gefs,30,RH_percent_mean,21,83.6533432006836
gep30,00,2023-09-09,2023-09-30,gcrew,noaa_gefs,30,Rain_mm_sum,21,2.200000062584877
gep30,00,2023-09-09,2023-09-30,gcrew,noaa_gefs,30,ShortwaveRadiation_Wm2,21,40.75
gep30,00,2023-09-09,2023-09-30,gcrew,noaa_gefs,30,WindSpeed_ms_mean,21,6.540632340833415
gep30,00,2023-09-09,2023-10-01,gcrew,noaa_gefs,30,AirTemp_C_mean,22,16.407647705078148
gep30,00,2023-09-09,2023-10-01,gcrew,noaa_gefs,30,RH_percent_mean,22,57.9601993560791
gep30,00,2023-09-09,2023-10-01,gcrew,noaa_gefs,30,Rain_mm_sum,22,0
gep30,00,2023-09-09,2023-10-01,gcrew,noaa_gefs,30,ShortwaveRadiation_Wm2,22,211.75
gep30,00,2023-09-09,2023-10-01,gcrew,noaa_gefs,30,WindSpeed_ms_mean,22,5.751839360697048
gep30,00,2023-09-09,2023-10-02,gcrew,noaa_gefs,30,AirTemp_C_mean,23,14.778672790527366
gep30,00,2023-09-09,2023-10-02,gcrew,noaa_gefs,30,RH_percent_mean,23,52.730899810791016
gep30,00,2023-09-09,2023-10-02,gcrew,noaa_gefs,30,Rain_mm_sum,23,0
gep30,00,2023-09-09,2023-10-02,gcrew,noaa_gefs,30,ShortwaveRadiation_Wm2,23,213
gep30,00,2023-09-09,2023-10-02,gcrew,noaa_gefs,30,WindSpeed_ms_mean,23,2.8789626857426764
gep30,00,2023-09-09,2023-10-03,gcrew,noaa_gefs,30,AirTemp_C_mean,24,19.176812744140648
gep30,00,2023-09-09,2023-10-03,gcrew,noaa_gefs,30,RH_percent_mean,24,79.48908996582031
gep30,00,2023-09-09,2023-10-03,gcrew,noaa_gefs,30,Rain_mm_sum,24,0
gep30,00,2023-09-09,2023-10-03,gcrew,noaa_gefs,30,ShortwaveRadiation_Wm2,24,204.5
gep30,00,2023-09-09,2023-10-03,gcrew,noaa_gefs,30,WindSpeed_ms_mean,24,2.91516139807672
gep30,00,2023-09-09,2023-10-04,gcrew,noaa_gefs,30,AirTemp_C_mean,25,22.34058532714846
gep30,00,2023-09-09,2023-10-04,gcrew,noaa_gefs,30,RH_percent_mean,25,75.36294078826904
gep30,00,2023-09-09,2023-10-04,gcrew,noaa_gefs,30,Rain_mm_sum,25,0
gep30,00,2023-09-09,2023-10-04,gcrew,noaa_gefs,30,ShortwaveRadiation_Wm2,25,210.75
gep30,00,2023-09-09,2023-10-04,gcrew,noaa_gefs,30,WindSpeed_ms_mean,25,2.9960568170531348
gep30,00,2023-09-09,2023-10-05,gcrew,noaa_gefs,30,AirTemp_C_mean,26,21.978173828125023
gep30,00,2023-09-09,2023-10-05,gcrew,noaa_gefs,30,RH_percent_mean,26,62.96555137634277
gep30,00,2023-09-09,2023-10-05,gcrew,noaa_gefs,30,Rain_mm_sum,26,0.30000000447034836
gep30,00,2023-09-09,2023-10-05,gcrew,noaa_gefs,30,ShortwaveRadiation_Wm2,26,181
gep30,00,2023-09-09,2023-10-05,gcrew,noaa_gefs,30,WindSpeed_ms_mean,26,5.094556622266271
gep30,00,2023-09-09,2023-10-06,gcrew,noaa_gefs,30,AirTemp_C_mean,27,17.76600799560549
gep30,00,2023-09-09,2023-10-06,gcrew,noaa_gefs,30,RH_percent_mean,27,66.44743537902832
gep30,00,2023-09-09,2023-10-06,gcrew,noaa_gefs,30,Rain_mm_sum,27,0
gep30,00,2023-09-09,2023-10-06,gcrew,noaa_gefs,30,ShortwaveRadiation_Wm2,27,141
gep30,00,2023-09-09,2023-10-06,gcrew,noaa_gefs,30,WindSpeed_ms_mean,27,4.729005513864134
gep30,00,2023-09-09,2023-10-07,gcrew,noaa_gefs,30,AirTemp_C_mean,28,16.294488525390648
gep30,00,2023-09-09,2023-10-07,gcrew,noaa_gefs,30,RH_percent_mean,28,53.386996269226074
gep30,00,2023-09-09,2023-10-07,gcrew,noaa_gefs,30,Rain_mm_sum,28,0
gep30,00,2023-09-09,2023-10-07,gcrew,noaa_gefs,30,ShortwaveRadiation_Wm2,28,189.75
gep30,00,2023-09-09,2023-10-07,gcrew,noaa_gefs,30,WindSpeed_ms_mean,28,3.770817246533188
gep30,00,2023-09-09,2023-10-08,gcrew,noaa_gefs,30,AirTemp_C_mean,29,16.038568115234398
gep30,00,2023-09-09,2023-10-08,gcrew,noaa_gefs,30,RH_percent_mean,29,62.47337341308594
gep30,00,2023-09-09,2023-10-08,gcrew,noaa_gefs,30,Rain_mm_sum,29,0
gep30,00,2023-09-09,2023-10-08,gcrew,noaa_gefs,30,ShortwaveRadiation_Wm2,29,182
gep30,00,2023-09-09,2023-10-08,gcrew,noaa_gefs,30,WindSpeed_ms_mean,29,4.436974656013027
gep30,00,2023-09-09,2023-10-09,gcrew,noaa_gefs,30,AirTemp_C_mean,30,18.04213104248049
gep30,00,2023-09-09,2023-10-09,gcrew,noaa_gefs,30,RH_percent_mean,30,64.63348579406738
gep30,00,2023-09-09,2023-10-09,gcrew,noaa_gefs,30,Rain_mm_sum,30,0.10000000149011612
gep30,00,2023-09-09,2023-10-09,gcrew,noaa_gefs,30,ShortwaveRadiation_Wm2,30,180.5
gep30,00,2023-09-09,2023-10-09,gcrew,noaa_gefs,30,WindSpeed_ms_mean,30,7.391516267652271
gep30,00,2023-09-09,2023-10-10,gcrew,noaa_gefs,30,AirTemp_C_mean,31,10.97205505371096
gep30,00,2023-09-09,2023-10-10,gcrew,noaa_gefs,30,RH_percent_mean,31,45.596985816955566
gep30,00,2023-09-09,2023-10-10,gcrew,noaa_gefs,30,Rain_mm_sum,31,0
gep30,00,2023-09-09,2023-10-10,gcrew,noaa_gefs,30,ShortwaveRadiation_Wm2,31,209.25
gep30,00,2023-09-09,2023-10-10,gcrew,noaa_gefs,30,WindSpeed_ms_mean,31,4.847591688904462
gep30,00,2023-09-09,2023-10-11,gcrew,noaa_gefs,30,AirTemp_C_mean,32,13.605989074707054
gep30,00,2023-09-09,2023-10-11,gcrew,noaa_gefs,30,RH_percent_mean,32,67.84227752685547
gep30,00,2023-09-09,2023-10-11,gcrew,noaa_gefs,30,Rain_mm_sum,32,0.10000000149011612
gep30,00,2023-09-09,2023-10-11,gcrew,noaa_gefs,30,ShortwaveRadiation_Wm2,32,119
gep30,00,2023-09-09,2023-10-11,gcrew,noaa_gefs,30,WindSpeed_ms_mean,32,4.346613717382562
gep30,00,2023-09-09,2023-10-12,gcrew,noaa_gefs,30,AirTemp_C_mean,33,20.219476318359398
gep30,00,2023-09-09,2023-10-12,gcrew,noaa_gefs,30,RH_percent_mean,33,86.41911506652832
gep30,00,2023-09-09,2023-10-12,gcrew,noaa_gefs,30,Rain_mm_sum,33,0.10000000149011612
gep30,00,2023-09-09,2023-10-12,gcrew,noaa_gefs,30,ShortwaveRadiation_Wm2,33,121
gep30,00,2023-09-09,2023-10-12,gcrew,noaa_gefs,30,WindSpeed_ms_mean,33,6.458461832002699
gep30,00,2023-09-09,2023-10-13,gcrew,noaa_gefs,30,AirTemp_C_mean,34,21.163812255859398
gep30,00,2023-09-09,2023-10-13,gcrew,noaa_gefs,30,RH_percent_mean,34,83.2275333404541
gep30,00,2023-09-09,2023-10-13,gcrew,noaa_gefs,30,Rain_mm_sum,34,26.900000289082527
gep30,00,2023-09-09,2023-10-13,gcrew,noaa_gefs,30,ShortwaveRadiation_Wm2,34,84.75
gep30,00,2023-09-09,2023-10-13,gcrew,noaa_gefs,30,WindSpeed_ms_mean,34,7.309394128531857
gep30,00,2023-09-09,2023-10-14,gcrew,noaa_gefs,30,AirTemp_C_mean,35,17.296502685546898
gep30,00,2023-09-09,2023-10-14,gcrew,noaa_gefs,30,RH_percent_mean,35,54.04242706298828
gep30,00,2023-09-09,2023-10-14,gcrew,noaa_gefs,30,Rain_mm_sum,35,0
gep30,00,2023-09-09,2023-10-14,gcrew,noaa_gefs,30,ShortwaveRadiation_Wm2,35,247
gep30,00,2023-09-09,2023-10-14,gcrew,noaa_gefs,30,WindSpeed_ms_mean,35,7.0066434777233235
